0.000000 -nan
0.500000 0.000000
1.000000 0.006164
1.500000 0.000000
2.000000 0.368318
2.500000 0.015781
3.000000 0.204792
3.500000 0.340673
4.000000 0.774007
4.500000 1.359194
5.000000 2.499014
5.500000 3.483807
6.000000 4.731627
6.500000 5.620252
7.000000 5.792948
7.500000 6.777241
8.000000 6.579156
8.500000 6.093928
9.000000 5.566834
9.500000 5.405952
10.000000 4.817043
10.500000 4.192965
11.000000 4.090355
11.500000 3.749163
12.000000 3.407754
12.500000 3.131118
13.000000 3.279927
13.500000 2.983056
14.000000 2.875371
14.500000 2.736458
15.000000 2.552767
15.500000 2.584446
16.000000 2.313593
16.500000 2.561774
17.000000 2.382818
17.500000 2.151502
18.000000 1.937974
18.500000 1.875357
19.000000 1.833363
19.500000 1.780559
20.000000 1.682519
20.500000 1.778506
21.000000 1.591596
21.500000 1.423547
22.000000 1.467235
22.500000 1.249959
23.000000 1.317148
23.500000 1.285928
24.000000 1.234115
24.500000 1.226640
25.000000 1.171516
25.500000 1.113397
26.000000 1.131717
26.500000 1.095848
27.000000 1.010627
27.500000 1.016760
28.000000 0.954942
28.500000 0.936187
29.000000 0.925446
29.500000 0.927980
30.000000 0.877908
30.500000 0.837340
31.000000 0.827064
31.500000 0.810677
32.000000 0.850904
32.500000 0.803232
33.000000 0.809920
33.500000 0.784935
34.000000 0.747642
34.500000 0.773651
35.000000 0.813765
35.500000 0.718847
36.000000 0.772618
36.500000 0.751961
37.000000 0.747157
37.500000 0.764003
38.000000 0.694835
38.500000 0.702813
39.000000 0.741319
39.500000 0.703473
40.000000 0.683981
40.500000 0.742619
41.000000 0.706531
41.500000 0.745856
42.000000 0.747336
42.500000 0.680998
43.000000 0.725972
43.500000 0.724283
44.000000 0.754110
44.500000 0.746759
45.000000 0.725898
45.500000 0.761109
46.000000 0.712692
46.500000 0.763859
47.000000 0.760717
47.500000 0.769659
48.000000 0.786381
48.500000 0.757218
49.000000 0.737258
49.500000 0.777812
50.000000 0.787943
50.500000 0.829512
51.000000 0.832465
51.500000 0.813062
52.000000 0.804628
52.500000 0.804415
53.000000 0.856388
53.500000 0.864688
54.000000 0.846505
54.500000 0.866445
55.000000 0.857044
55.500000 0.864887
56.000000 0.879492
56.500000 0.922524
57.000000 0.924221
57.500000 0.892015
58.000000 0.937150
58.500000 0.910530
59.000000 0.928281
59.500000 0.922545
60.000000 0.954685
60.500000 0.957037
61.000000 0.957213
61.500000 0.939132
62.000000 0.989870
62.500000 0.969781
63.000000 0.967948
63.500000 1.009233
64.000000 1.006726
64.500000 0.980866
65.000000 0.988177
65.500000 1.013727
66.000000 0.998264
66.500000 0.991296
67.000000 1.006219
67.500000 1.036046
68.000000 1.036684
68.500000 1.012979
69.000000 1.060029
69.500000 1.048458
70.000000 1.053487
70.500000 1.053214
71.000000 1.014862
71.500000 1.048461
72.000000 1.029536
72.500000 1.061106
73.000000 1.049802
73.500000 1.066829
74.000000 1.058805
74.500000 1.041598
75.000000 1.042359
75.500000 1.097968
76.000000 1.089237
76.500000 1.066791
77.000000 1.061823
77.500000 1.078566
78.000000 1.053367
78.500000 1.068973
79.000000 1.073015
79.500000 1.079361
80.000000 1.098052
80.500000 1.082693
81.000000 1.080213
81.500000 1.075400
82.000000 1.050931
82.500000 1.074977
83.000000 1.091992
83.500000 1.068922
84.000000 1.063407
84.500000 1.079548
85.000000 1.079062
85.500000 1.054748
86.000000 1.041435
86.500000 1.088448
87.000000 1.060088
87.500000 1.082103
88.000000 1.085213
88.500000 1.050682
89.000000 1.076379
89.500000 1.034712
90.000000 1.051712
90.500000 1.044936
91.000000 1.044573
91.500000 1.046662
92.000000 1.055709
92.500000 1.037802
93.000000 1.063666
93.500000 1.035566
94.000000 1.040335
94.500000 1.056079
95.000000 1.022303
95.500000 1.015504
96.000000 1.046647
96.500000 1.030911
97.000000 1.025941
97.500000 1.048157
98.000000 1.021090
98.500000 1.010637
99.000000 1.018945
99.500000 1.016999
100.000000 1.021256
100.500000 1.001404
101.000000 1.011805
101.500000 1.024544
102.000000 1.016109
102.500000 1.015713
103.000000 1.005314
103.500000 1.014978
104.000000 1.008160
104.500000 0.985197
105.000000 1.009402
105.500000 0.999626
106.000000 1.005936
106.500000 1.007117
107.000000 0.977655
107.500000 1.003481
108.000000 0.973134
108.500000 0.996017
109.000000 0.974235
109.500000 1.000018
110.000000 0.976977
110.500000 0.980984
111.000000 0.964150
111.500000 0.972361
112.000000 0.970220
112.500000 0.973782
113.000000 0.968617
113.500000 0.973471
114.000000 0.967371
114.500000 0.978877
115.000000 0.963173
115.500000 0.964458
116.000000 0.973100
116.500000 0.974932
117.000000 0.975680
117.500000 0.966494
118.000000 0.965717
118.500000 0.964110
119.000000 0.977484
119.500000 0.968777
120.000000 0.956279
120.500000 0.970758
121.000000 0.969350
121.500000 0.992702
122.000000 0.970494
122.500000 0.968301
123.000000 0.955785
123.500000 0.967809
124.000000 0.974265
124.500000 0.965569
