# q  S_avg  S_stderr  n_modes
5.000000000000000104e-03 6.075000000000000000e+03 0.000000000000000000e+00 1.000000000000000000e+00
2.500000000000000139e-02 1.074113000000000151e-01 3.947223396766390280e-02 5.000000000000000000e+00
3.500000000000000333e-02 2.492999999999999938e-01 0.000000000000000000e+00 1.000000000000000000e+00
4.499999999999999833e-02 7.900273444444443349e-01 2.774490528892712415e-01 9.000000000000000000e+00
5.500000000000000028e-02 1.628719333333333408e+00 4.693155238249044903e-01 6.000000000000000000e+00
6.500000000000000222e-02 3.718217066666666959e+00 1.011252343214305460e+00 1.500000000000000000e+01
7.500000000000001110e-02 4.296266615384615406e+00 9.700387162605773606e-01 1.300000000000000000e+01
8.499999999999999223e-02 5.793981222222221561e+00 1.311612703669299718e+00 1.800000000000000000e+01
9.500000000000000111e-02 7.808331777777778981e+00 2.409152399211127005e+00 1.800000000000000000e+01
1.050000000000000100e-01 6.244264000000001147e+00 9.724261495015305012e-01 2.800000000000000000e+01
1.149999999999999911e-01 4.379479095238095532e+00 8.226016400042290844e-01 2.100000000000000000e+01
1.250000000000000000e-01 3.679572190476190663e+00 4.810012142190700501e-01 4.200000000000000000e+01
1.350000000000000089e-01 3.469476090909091148e+00 4.212574033182024391e-01 3.300000000000000000e+01
1.450000000000000178e-01 2.602919428571428551e+00 3.164012201400323021e-01 4.900000000000000000e+01
1.549999999999999989e-01 1.951461645833333369e+00 2.311056095515370556e-01 4.800000000000000000e+01
1.650000000000000078e-01 1.925800666666666494e+00 2.186482209203987059e-01 5.400000000000000000e+01
1.749999999999999889e-01 1.467908894736841940e+00 1.023841783299483804e-01 5.700000000000000000e+01
1.849999999999999978e-01 1.470862394736841994e+00 1.202593327364761405e-01 7.600000000000000000e+01
1.950000000000000067e-01 1.233638266666666539e+00 8.963227089570502404e-02 9.000000000000000000e+01
2.050000000000000155e-01 1.020546396825396940e+00 6.552462435668564289e-02 6.300000000000000000e+01
2.149999999999999967e-01 1.014223174311926545e+00 5.557473167340215570e-02 1.090000000000000000e+02
2.250000000000000056e-01 8.601794615384613651e-01 4.928866313059251242e-02 7.800000000000000000e+01
2.349999999999999867e-01 8.204687539682540276e-01 3.965831808930944669e-02 1.260000000000000000e+02
2.449999999999999956e-01 7.810202254901962293e-01 3.923792048449763897e-02 1.020000000000000000e+02
2.550000000000000044e-01 7.313559310344828202e-01 3.017125633989808584e-02 1.450000000000000000e+02
2.650000000000000133e-01 7.115534920634921656e-01 3.122523435558143684e-02 1.260000000000000000e+02
2.750000000000000222e-01 6.425647364341084966e-01 2.434683652880211685e-02 1.290000000000000000e+02
2.850000000000000311e-01 6.059908235294118040e-01 2.059033855430464008e-02 1.530000000000000000e+02
2.949999999999999845e-01 5.968694887640448865e-01 1.800853194186971540e-02 1.780000000000000000e+02
3.049999999999999933e-01 5.635292701149425820e-01 1.723123443757637943e-02 1.740000000000000000e+02
3.150000000000000022e-01 5.715930687830688139e-01 1.607783983152085566e-02 1.890000000000000000e+02
3.250000000000000111e-01 5.784896217616579683e-01 1.334034818369132791e-02 1.930000000000000000e+02
3.350000000000000200e-01 6.122044901960783658e-01 1.551348136640172230e-02 2.040000000000000000e+02
3.450000000000000289e-01 5.962919523809524502e-01 1.544081795348244135e-02 2.310000000000000000e+02
3.549999999999999822e-01 5.585680213675213723e-01 1.074887363647796835e-02 2.340000000000000000e+02
3.649999999999999911e-01 5.821713697478990701e-01 1.260435250644321124e-02 2.380000000000000000e+02
3.750000000000000000e-01 5.838328571428571534e-01 9.485865183560015720e-03 2.940000000000000000e+02
3.850000000000000089e-01 5.674231162790697169e-01 1.104569652935778745e-02 2.580000000000000000e+02
3.950000000000000178e-01 5.956203015267176326e-01 1.129992418951021073e-02 2.620000000000000000e+02
4.050000000000000266e-01 5.720434506172840106e-01 8.315351422266664683e-03 3.240000000000000000e+02
4.150000000000000355e-01 5.923172037037036652e-01 8.690614279540426548e-03 3.240000000000000000e+02
4.249999999999999889e-01 5.800709567901234376e-01 7.700068198886903491e-03 3.240000000000000000e+02
4.349999999999999978e-01 5.823068011363635721e-01 8.191511179365970272e-03 3.520000000000000000e+02
4.450000000000000067e-01 5.645283229974160655e-01 6.999016008112945476e-03 3.870000000000000000e+02
4.550000000000000155e-01 5.861447935103244467e-01 7.375832791954524230e-03 3.390000000000000000e+02
4.650000000000000244e-01 6.076293358585859172e-01 6.512691527788093751e-03 3.960000000000000000e+02
4.749999999999999778e-01 5.910737844036697552e-01 6.134692457902097065e-03 4.360000000000000000e+02
4.849999999999999867e-01 6.015478028169014557e-01 6.349609231517416331e-03 4.260000000000000000e+02
4.949999999999999956e-01 6.288603605442176780e-01 6.985920907484725016e-03 4.410000000000000000e+02
5.050000000000000044e-01 6.374806235565819712e-01 7.110275659659243998e-03 4.330000000000000000e+02
5.150000000000000133e-01 6.515751876247505292e-01 6.336310173301247864e-03 5.010000000000000000e+02
5.250000000000000222e-01 6.697870576131688125e-01 6.293795734193680276e-03 4.860000000000000000e+02
5.350000000000000311e-01 6.965045085714285378e-01 6.413959661274508568e-03 5.250000000000000000e+02
5.450000000000000400e-01 7.202021387900355842e-01 6.300275744201676124e-03 5.620000000000000000e+02
5.550000000000000488e-01 7.415160288288287216e-01 6.279197551122009391e-03 5.550000000000000000e+02
5.650000000000000577e-01 7.722844543859649358e-01 6.627880867052726548e-03 5.700000000000000000e+02
5.749999999999999556e-01 8.183090541455161349e-01 6.822187473792379851e-03 5.910000000000000000e+02
5.849999999999999645e-01 8.311614914675768961e-01 6.431590222110064765e-03 5.860000000000000000e+02
5.949999999999999734e-01 8.600963378787879199e-01 6.823508117973155380e-03 6.600000000000000000e+02
6.049999999999999822e-01 9.144548904109587317e-01 7.123545707258797759e-03 6.570000000000000000e+02
6.149999999999999911e-01 9.584929573257467972e-01 7.137241739230960197e-03 7.030000000000000000e+02
6.250000000000000000e-01 9.901235061728396181e-01 7.636332144182036118e-03 6.480000000000000000e+02
6.350000000000000089e-01 1.037455684444444248e+00 7.418251384135475870e-03 6.750000000000000000e+02
6.450000000000000178e-01 1.059388835703001464e+00 8.037253951836423327e-03 6.330000000000000000e+02
6.550000000000000266e-01 1.110181798789712682e+00 8.278137309693041693e-03 6.610000000000000000e+02
6.650000000000000355e-01 1.126987586666666541e+00 9.352426556614066092e-03 6.000000000000000000e+02
6.750000000000000444e-01 1.163759543089430970e+00 9.209456343177888429e-03 6.150000000000000000e+02
6.850000000000000533e-01 1.198348951957295405e+00 9.663681429956617538e-03 5.620000000000000000e+02
6.950000000000000622e-01 1.210046645276292354e+00 9.818877744296614085e-03 5.610000000000000000e+02
7.050000000000000711e-01 1.221383403703703463e+00 9.980579059617664811e-03 5.400000000000000000e+02
7.149999999999999689e-01 1.247165819964349165e+00 1.004527027157750378e-02 5.610000000000000000e+02
7.249999999999999778e-01 1.252165791102514358e+00 1.019436574693062710e-02 5.170000000000000000e+02
7.349999999999999867e-01 1.258430592592592712e+00 1.123731672303151380e-02 4.320000000000000000e+02
7.449999999999999956e-01 1.266187148594377421e+00 1.068117583106154705e-02 4.980000000000000000e+02
7.550000000000000044e-01 1.270738307359307706e+00 1.115823535913376165e-02 4.620000000000000000e+02
7.650000000000000133e-01 1.279238105263158065e+00 1.193077409383245732e-02 4.180000000000000000e+02
7.750000000000000222e-01 1.256857408163265521e+00 1.106955786034304230e-02 4.410000000000000000e+02
7.850000000000000311e-01 1.272231225721784709e+00 1.207342434818026687e-02 3.810000000000000000e+02
7.950000000000000400e-01 1.222344419075144462e+00 1.217971780540996751e-02 3.460000000000000000e+02
8.050000000000000488e-01 1.230834279761904737e+00 1.293004785553777611e-02 3.360000000000000000e+02
8.150000000000000577e-01 1.191913321533923487e+00 1.176234026612125831e-02 3.390000000000000000e+02
8.250000000000000666e-01 1.177438494505494537e+00 1.260824684898703349e-02 2.730000000000000000e+02
8.349999999999999645e-01 1.166927492537313649e+00 1.300173817718221214e-02 2.680000000000000000e+02
8.449999999999999734e-01 1.179938358333333381e+00 1.419856005745217739e-02 2.400000000000000000e+02
8.549999999999999822e-01 1.154341898148148138e+00 1.409212328893262242e-02 2.160000000000000000e+02
8.649999999999999911e-01 1.129702050847457784e+00 1.567479595138955573e-02 1.770000000000000000e+02
8.750000000000000000e-01 1.087207992805755197e+00 1.564891834489149161e-02 1.390000000000000000e+02
8.850000000000000089e-01 1.075260879999999863e+00 1.728190603791315144e-02 1.500000000000000000e+02
8.950000000000000178e-01 1.072711421052631620e+00 1.874442669768666692e-02 1.140000000000000000e+02
9.050000000000000266e-01 1.085945604395604169e+00 1.926060217790835638e-02 9.100000000000000000e+01
9.150000000000000355e-01 9.858561728395061063e-01 2.316649200125862201e-02 8.100000000000000000e+01
9.250000000000000444e-01 9.785182716049382057e-01 2.003052111305388475e-02 8.100000000000000000e+01
9.350000000000000533e-01 9.862775606060605327e-01 2.150461133955524490e-02 6.600000000000000000e+01
9.450000000000000622e-01 9.832329999999999126e-01 2.819364165492514035e-02 5.500000000000000000e+01
9.550000000000000711e-01 9.579088888888888098e-01 2.462607987066118415e-02 4.500000000000000000e+01
9.649999999999999689e-01 9.955620000000000580e-01 3.054524349630030264e-02 3.000000000000000000e+01
9.749999999999999778e-01 9.087582727272728311e-01 2.327447195295950441e-02 2.200000000000000000e+01
9.849999999999999867e-01 9.483342380952380912e-01 3.779978232255948312e-02 2.100000000000000000e+01
9.949999999999999956e-01 8.749647142857142068e-01 4.579895765413709297e-02 2.100000000000000000e+01
1.004999999999999893e+00 9.866685333333333752e-01 4.466271783414062918e-02 1.500000000000000000e+01
1.015000000000000124e+00 9.791901000000000632e-01 7.063637739192493714e-02 1.000000000000000000e+01
1.024999999999999911e+00 9.217956666666666798e-01 8.649305236902619931e-02 6.000000000000000000e+00
1.044999999999999929e+00 8.220966666666668088e-01 8.532728322237333185e-02 3.000000000000000000e+00
1.055000000000000160e+00 7.574189999999999534e-01 0.000000000000000000e+00 1.000000000000000000e+00
