0.000000 -nan
0.500000 0.000000
1.000000 0.000000
1.500000 0.000000
2.000000 0.000000
2.500000 0.000000
3.000000 0.000000
3.500000 0.000000
4.000000 0.000000
4.500000 0.000000
5.000000 0.000487
5.500000 0.000806
6.000000 0.001015
6.500000 0.002596
7.000000 0.004426
7.500000 0.005936
8.000000 0.010015
8.500000 0.015482
9.000000 0.023618
9.500000 0.032053
10.000000 0.041576
10.500000 0.052101
11.000000 0.064391
11.500000 0.078391
12.000000 0.093150
12.500000 0.108353
13.000000 0.122430
13.500000 0.132517
14.000000 0.149680
14.500000 0.166937
15.000000 0.180050
15.500000 0.197724
16.000000 0.217907
16.500000 0.235667
17.000000 0.260579
17.500000 0.289940
18.000000 0.320811
18.500000 0.353706
19.000000 0.387856
19.500000 0.425480
20.000000 0.465216
20.500000 0.507650
21.000000 0.548255
21.500000 0.583865
22.000000 0.622305
22.500000 0.657641
23.000000 0.695901
23.500000 0.726973
24.000000 0.757577
24.500000 0.792379
25.000000 0.830233
25.500000 0.858638
26.000000 0.891847
26.500000 0.916607
27.000000 0.948259
27.500000 0.972495
28.000000 0.999942
28.500000 1.024646
29.000000 1.048957
29.500000 1.073875
30.000000 1.100905
30.500000 1.119665
31.000000 1.136467
31.500000 1.153689
32.000000 1.165081
32.500000 1.182525
33.000000 1.190039
33.500000 1.196751
34.000000 1.204597
34.500000 1.207668
35.000000 1.212086
35.500000 1.211233
36.000000 1.214071
36.500000 1.213428
37.000000 1.212201
37.500000 1.212278
38.000000 1.206974
38.500000 1.207359
39.000000 1.202633
39.500000 1.198591
40.000000 1.192046
40.500000 1.187438
41.000000 1.179928
41.500000 1.174939
42.000000 1.167633
42.500000 1.163119
43.000000 1.157442
43.500000 1.149020
44.000000 1.141637
44.500000 1.133193
45.000000 1.126501
45.500000 1.118622
46.000000 1.111228
46.500000 1.101769
47.000000 1.094825
47.500000 1.091254
48.000000 1.081771
48.500000 1.073934
49.000000 1.066099
49.500000 1.058575
50.000000 1.055619
50.500000 1.045555
51.000000 1.041005
51.500000 1.035839
52.000000 1.029271
52.500000 1.024130
53.000000 1.019252
53.500000 1.013050
54.000000 1.009300
54.500000 1.005690
55.000000 1.001385
55.500000 0.996550
56.000000 0.991359
56.500000 0.989037
57.000000 0.986807
57.500000 0.983047
58.000000 0.979254
58.500000 0.979208
59.000000 0.975852
59.500000 0.973244
60.000000 0.971511
60.500000 0.970105
61.000000 0.968453
61.500000 0.966901
62.000000 0.965055
62.500000 0.963909
63.000000 0.963861
63.500000 0.963003
64.000000 0.964938
64.500000 0.963195
65.000000 0.965009
65.500000 0.962804
66.000000 0.963331
66.500000 0.964934
67.000000 0.964816
67.500000 0.964969
68.000000 0.966440
68.500000 0.968727
69.000000 0.968610
69.500000 0.969298
70.000000 0.969540
70.500000 0.971760
71.000000 0.973266
71.500000 0.974165
72.000000 0.975678
72.500000 0.977095
73.000000 0.978082
73.500000 0.978668
74.000000 0.980395
74.500000 0.983003
75.000000 0.984490
75.500000 0.985144
76.000000 0.987536
76.500000 0.988383
77.000000 0.989083
77.500000 0.991150
78.000000 0.993018
78.500000 0.994281
79.000000 0.994829
79.500000 0.997186
80.000000 0.998478
80.500000 0.999335
81.000000 0.999942
81.500000 1.000110
82.000000 1.002490
82.500000 1.003626
83.000000 1.003804
83.500000 1.005104
84.000000 1.004549
84.500000 1.005201
85.000000 1.007154
85.500000 1.006347
86.000000 1.007290
86.500000 1.007157
87.000000 1.008209
87.500000 1.007831
88.000000 1.008094
88.500000 1.008004
89.000000 1.007270
89.500000 1.008608
90.000000 1.008284
90.500000 1.007363
91.000000 1.007805
91.500000 1.006876
92.000000 1.006637
92.500000 1.007361
93.000000 1.006688
93.500000 1.006185
94.000000 1.006221
94.500000 1.006575
95.000000 1.005878
95.500000 1.005200
96.000000 1.005648
96.500000 1.006071
97.000000 1.004924
97.500000 1.004122
98.000000 1.004387
98.500000 1.003780
99.000000 1.003910
99.500000 1.004277
100.000000 1.003725
100.500000 1.003904
101.000000 1.002803
101.500000 1.002631
102.000000 1.003397
102.500000 1.003336
103.000000 1.003293
103.500000 1.003569
104.000000 1.003766
104.500000 1.002908
105.000000 1.002402
105.500000 1.003350
106.000000 1.002262
106.500000 1.002302
107.000000 1.002264
107.500000 1.001489
108.000000 1.002729
108.500000 1.001308
109.000000 1.001635
109.500000 1.001272
110.000000 1.002086
110.500000 1.001924
111.000000 1.001253
111.500000 1.001145
112.000000 1.001182
112.500000 1.001959
113.000000 1.001409
113.500000 1.002025
114.000000 1.001986
114.500000 1.001711
115.000000 1.001802
115.500000 1.001122
116.000000 1.001737
116.500000 1.001397
117.000000 1.001304
117.500000 1.001946
118.000000 1.001662
118.500000 1.001851
119.000000 1.002183
119.500000 1.002139
120.000000 1.001979
120.500000 1.002698
121.000000 1.002020
121.500000 1.002116
122.000000 1.002687
122.500000 1.003512
123.000000 1.002607
123.500000 1.003011
124.000000 1.003376
124.500000 1.003069
