0.000000 -nan
0.500000 0.000000
1.000000 0.000000
1.500000 0.000000
2.000000 0.000000
2.500000 0.000000
3.000000 0.000000
3.500000 0.000000
4.000000 0.000152
4.500000 0.000000
5.000000 0.000000
5.500000 0.000322
6.000000 0.000135
6.500000 0.000865
7.000000 0.001641
7.500000 0.004506
8.000000 0.006321
8.500000 0.012413
9.000000 0.018173
9.500000 0.027138
10.000000 0.040699
10.500000 0.060324
11.000000 0.077502
11.500000 0.101721
12.000000 0.127725
12.500000 0.151620
13.000000 0.175814
13.500000 0.199163
14.000000 0.222655
14.500000 0.241677
15.000000 0.262162
15.500000 0.284605
16.000000 0.300062
16.500000 0.322586
17.000000 0.349148
17.500000 0.373305
18.000000 0.404213
18.500000 0.434689
19.000000 0.466504
19.500000 0.502697
20.000000 0.540003
20.500000 0.574287
21.000000 0.614315
21.500000 0.647901
22.000000 0.680593
22.500000 0.712905
23.000000 0.746900
23.500000 0.779853
24.000000 0.805349
24.500000 0.826536
25.000000 0.858432
25.500000 0.882208
26.000000 0.904003
26.500000 0.924266
27.000000 0.944872
27.500000 0.963298
28.000000 0.980781
28.500000 0.996956
29.000000 1.013644
29.500000 1.033676
30.000000 1.052819
30.500000 1.070575
31.000000 1.085471
31.500000 1.097880
32.000000 1.110167
32.500000 1.120466
33.000000 1.130512
33.500000 1.138598
34.000000 1.148616
34.500000 1.151951
35.000000 1.157969
35.500000 1.163241
36.000000 1.165700
36.500000 1.167108
37.000000 1.170897
37.500000 1.170994
38.000000 1.174921
38.500000 1.173617
39.000000 1.171360
39.500000 1.167339
40.000000 1.165768
40.500000 1.159875
41.000000 1.156301
41.500000 1.153120
42.000000 1.151395
42.500000 1.144769
43.000000 1.144272
43.500000 1.139379
44.000000 1.132191
44.500000 1.126515
45.000000 1.120308
45.500000 1.113721
46.000000 1.107188
46.500000 1.101874
47.000000 1.095924
47.500000 1.087003
48.000000 1.079423
48.500000 1.074624
49.000000 1.069213
49.500000 1.062547
50.000000 1.057565
50.500000 1.051034
51.000000 1.046006
51.500000 1.042805
52.000000 1.038245
52.500000 1.033145
53.000000 1.027739
53.500000 1.023711
54.000000 1.018575
54.500000 1.014480
55.000000 1.011301
55.500000 1.006967
56.000000 1.004543
56.500000 1.002425
57.000000 0.998979
57.500000 0.993994
58.000000 0.990844
58.500000 0.988003
59.000000 0.985584
59.500000 0.985162
60.000000 0.982558
60.500000 0.978637
61.000000 0.977918
61.500000 0.975128
62.000000 0.975740
62.500000 0.974000
63.000000 0.972262
63.500000 0.972815
64.000000 0.973166
64.500000 0.971749
65.000000 0.970562
65.500000 0.970513
66.000000 0.971181
66.500000 0.971597
67.000000 0.973406
67.500000 0.973566
68.000000 0.973376
68.500000 0.974136
69.000000 0.973663
69.500000 0.975576
70.000000 0.977321
70.500000 0.977434
71.000000 0.978739
71.500000 0.980130
72.000000 0.980172
72.500000 0.981866
73.000000 0.982027
73.500000 0.983526
74.000000 0.985320
74.500000 0.985102
75.000000 0.986309
75.500000 0.988683
76.000000 0.989054
76.500000 0.991831
77.000000 0.991376
77.500000 0.992325
78.000000 0.994027
78.500000 0.995136
79.000000 0.995457
79.500000 0.996132
80.000000 0.997152
80.500000 0.997747
81.000000 0.998459
81.500000 0.998465
82.000000 0.998692
82.500000 0.998864
83.000000 0.998743
83.500000 0.999679
84.000000 1.000875
84.500000 1.000968
85.000000 1.001901
85.500000 1.001291
86.000000 1.002650
86.500000 1.003048
87.000000 1.003042
87.500000 1.002462
88.000000 1.003223
88.500000 1.003411
89.000000 1.004785
89.500000 1.003425
90.000000 1.003282
90.500000 1.003191
91.000000 1.002660
91.500000 1.003240
92.000000 1.002716
92.500000 1.002588
93.000000 1.002623
93.500000 1.002355
94.000000 1.002337
94.500000 1.002465
95.000000 1.001759
95.500000 1.000788
96.000000 1.001703
96.500000 1.001237
97.000000 1.001178
97.500000 1.001420
98.000000 1.001679
98.500000 1.000634
99.000000 1.001208
99.500000 1.001614
100.000000 1.000761
100.500000 1.001121
101.000000 1.001937
101.500000 1.001686
102.000000 1.001807
102.500000 1.001786
103.000000 1.002155
103.500000 1.001175
104.000000 1.001782
104.500000 1.002043
105.000000 1.002308
105.500000 1.002591
106.000000 1.001262
106.500000 1.003093
107.000000 1.002457
107.500000 1.002507
108.000000 1.003585
108.500000 1.003704
109.000000 1.003762
109.500000 1.003997
110.000000 1.004323
110.500000 1.004942
111.000000 1.004374
111.500000 1.005405
112.000000 1.004511
112.500000 1.005134
113.000000 1.005472
113.500000 1.005452
114.000000 1.005698
114.500000 1.005537
115.000000 1.005545
115.500000 1.005782
116.000000 1.006048
116.500000 1.004678
117.000000 1.006088
117.500000 1.005267
118.000000 1.004641
118.500000 1.005096
119.000000 1.005278
119.500000 1.005771
120.000000 1.005573
120.500000 1.005242
121.000000 1.005124
121.500000 1.004855
122.000000 1.005831
122.500000 1.004797
123.000000 1.004746
123.500000 1.004753
124.000000 1.004220
124.500000 1.004932
