0.000000 -nan
0.500000 0.000000
1.000000 0.000000
1.500000 0.000000
2.000000 0.000000
2.500000 0.000390
3.000000 0.000542
3.500000 0.000796
4.000000 0.001523
4.500000 0.002287
5.000000 0.005654
5.500000 0.013615
6.000000 0.029583
6.500000 0.052894
7.000000 0.094995
7.500000 0.153632
8.000000 0.234643
8.500000 0.350565
9.000000 0.483620
9.500000 0.639764
10.000000 0.794236
10.500000 0.966997
11.000000 1.109585
11.500000 1.222674
12.000000 1.305466
12.500000 1.350714
13.000000 1.370793
13.500000 1.350871
14.000000 1.317987
14.500000 1.271940
15.000000 1.237363
15.500000 1.179981
16.000000 1.142236
16.500000 1.103008
17.000000 1.075500
17.500000 1.061522
18.000000 1.037411
18.500000 1.042127
19.000000 1.034999
19.500000 1.043867
20.000000 1.052217
20.500000 1.061872
21.000000 1.065562
21.500000 1.077070
22.000000 1.086146
22.500000 1.083372
23.000000 1.083734
23.500000 1.083107
24.000000 1.069241
24.500000 1.060518
25.000000 1.051915
25.500000 1.045574
26.000000 1.034490
26.500000 1.024198
27.000000 1.016028
27.500000 1.003132
28.000000 0.996718
28.500000 0.996191
29.000000 0.990818
29.500000 0.988819
30.000000 0.992355
30.500000 0.988104
31.000000 0.988225
31.500000 0.990735
32.000000 0.991029
32.500000 0.988627
33.000000 0.992680
33.500000 0.995932
34.000000 0.995978
34.500000 0.997376
35.000000 0.996356
35.500000 0.995127
36.000000 0.994508
36.500000 0.990550
37.000000 0.989793
37.500000 0.987672
38.000000 0.984758
38.500000 0.982676
39.000000 0.979989
39.500000 0.975764
40.000000 0.975323
40.500000 0.972623
41.000000 0.971530
41.500000 0.973880
42.000000 0.971643
42.500000 0.971556
43.000000 0.974134
43.500000 0.974295
44.000000 0.974171
44.500000 0.975721
45.000000 0.978549
45.500000 0.977318
46.000000 0.979276
46.500000 0.977706
47.000000 0.979239
47.500000 0.978544
48.000000 0.981550
48.500000 0.978646
49.000000 0.981106
49.500000 0.980451
50.000000 0.982110
50.500000 0.983931
51.000000 0.982232
51.500000 0.985678
52.000000 0.986904
52.500000 0.987074
53.000000 0.988918
53.500000 0.988389
54.000000 0.990552
54.500000 0.989278
55.000000 0.989326
55.500000 0.992405
56.000000 0.992122
56.500000 0.991340
57.000000 0.992413
57.500000 0.994019
58.000000 0.993049
58.500000 0.993768
59.000000 0.994515
59.500000 0.994217
60.000000 0.995683
60.500000 0.995572
61.000000 0.996033
61.500000 0.997075
62.000000 0.995998
62.500000 0.998245
63.000000 0.995416
63.500000 0.999312
64.000000 0.999236
64.500000 1.000165
65.000000 1.000512
65.500000 1.000595
66.000000 1.002141
66.500000 1.002760
67.000000 1.003074
67.500000 1.003563
68.000000 1.001188
68.500000 1.003589
69.000000 1.003505
69.500000 1.004489
70.000000 1.004613
70.500000 1.006327
71.000000 1.005336
71.500000 1.006107
72.000000 1.005172
72.500000 1.005782
73.000000 1.005782
73.500000 1.005341
74.000000 1.006702
74.500000 1.007784
75.000000 1.008041
75.500000 1.009108
76.000000 1.008214
76.500000 1.009422
77.000000 1.009841
77.500000 1.009572
78.000000 1.009786
78.500000 1.011037
79.000000 1.010783
79.500000 1.010806
80.000000 1.011826
80.500000 1.011831
81.000000 1.011598
81.500000 1.012217
82.000000 1.012242
82.500000 1.010954
83.000000 1.011502
83.500000 1.012052
84.000000 1.010998
84.500000 1.011169
85.000000 1.010153
85.500000 1.009727
86.000000 1.011263
86.500000 1.009491
87.000000 1.009666
87.500000 1.010039
88.000000 1.009270
88.500000 1.009143
89.000000 1.008840
89.500000 1.008140
90.000000 1.005873
90.500000 1.007216
91.000000 1.006738
91.500000 1.007711
92.000000 1.006426
92.500000 1.006691
93.000000 1.006179
93.500000 1.006402
94.000000 1.006365
94.500000 1.005717
95.000000 1.005322
95.500000 1.005143
96.000000 1.005289
96.500000 1.005025
97.000000 1.004758
97.500000 1.004963
98.000000 1.005280
98.500000 1.004130
99.000000 1.004283
99.500000 1.003577
100.000000 1.003343
100.500000 1.003789
101.000000 1.003397
101.500000 1.003302
102.000000 1.003543
102.500000 1.002876
103.000000 1.003296
103.500000 1.002158
104.000000 1.002262
104.500000 1.001233
105.000000 1.000879
105.500000 1.001144
106.000000 1.000688
106.500000 1.000338
107.000000 1.000494
107.500000 0.999729
108.000000 1.000125
108.500000 0.999592
109.000000 0.999470
109.500000 0.999446
110.000000 0.998582
110.500000 0.998622
111.000000 0.998885
111.500000 0.999369
112.000000 0.998424
112.500000 0.998878
113.000000 0.998553
113.500000 0.999997
114.000000 0.999556
114.500000 0.998576
115.000000 0.999294
115.500000 0.999813
116.000000 0.999606
116.500000 0.999494
117.000000 1.000590
117.500000 0.999513
118.000000 0.999533
118.500000 1.000148
119.000000 0.999894
119.500000 0.998814
120.000000 1.000286
120.500000 0.999212
121.000000 0.999851
121.500000 0.999726
122.000000 0.999314
122.500000 0.999283
123.000000 0.999713
123.500000 0.999667
124.000000 1.000043
124.500000 0.999616
