0.000000 -nan
0.500000 0.000000
1.000000 0.000000
1.500000 0.000000
2.000000 0.000000
2.500000 0.000390
3.000000 0.000000
3.500000 0.000000
4.000000 0.000152
4.500000 0.000241
5.000000 0.000682
5.500000 0.000886
6.000000 0.004197
6.500000 0.007902
7.000000 0.015617
7.500000 0.027815
8.000000 0.050531
8.500000 0.083416
9.000000 0.128502
9.500000 0.183920
10.000000 0.245265
10.500000 0.317933
11.000000 0.384189
11.500000 0.454131
12.000000 0.509040
12.500000 0.551047
13.000000 0.581389
13.500000 0.604136
14.000000 0.617619
14.500000 0.622449
15.000000 0.627298
15.500000 0.624769
16.000000 0.625600
16.500000 0.629445
17.000000 0.633575
17.500000 0.648109
18.000000 0.660683
18.500000 0.674564
19.000000 0.694027
19.500000 0.724727
20.000000 0.744910
20.500000 0.771345
21.000000 0.802217
21.500000 0.821756
22.000000 0.844550
22.500000 0.859731
23.000000 0.878971
23.500000 0.891170
24.000000 0.902967
24.500000 0.912947
25.000000 0.923800
25.500000 0.933386
26.000000 0.937167
26.500000 0.942735
27.000000 0.949753
27.500000 0.957014
28.000000 0.963893
28.500000 0.969989
29.000000 0.978389
29.500000 0.985256
30.000000 0.993734
30.500000 1.002581
31.000000 1.008774
31.500000 1.013257
32.000000 1.020981
32.500000 1.025231
33.000000 1.027327
33.500000 1.033576
34.000000 1.037669
34.500000 1.042554
35.000000 1.044359
35.500000 1.045316
36.000000 1.047054
36.500000 1.050446
37.000000 1.053846
37.500000 1.054799
38.000000 1.055576
38.500000 1.058063
39.000000 1.057924
39.500000 1.058195
40.000000 1.058508
40.500000 1.061359
41.000000 1.060373
41.500000 1.061513
42.000000 1.059297
42.500000 1.063105
43.000000 1.061595
43.500000 1.063052
44.000000 1.063444
44.500000 1.063244
45.000000 1.062658
45.500000 1.060809
46.000000 1.059596
46.500000 1.060731
47.000000 1.058088
47.500000 1.055684
48.000000 1.054710
48.500000 1.055431
49.000000 1.053051
49.500000 1.053032
50.000000 1.050974
50.500000 1.049100
51.000000 1.046371
51.500000 1.045676
52.000000 1.042183
52.500000 1.041266
53.000000 1.040041
53.500000 1.036038
54.000000 1.035887
54.500000 1.033263
55.000000 1.029452
55.500000 1.030572
56.000000 1.027637
56.500000 1.026347
57.000000 1.023490
57.500000 1.020544
58.000000 1.021647
58.500000 1.019906
59.000000 1.018047
59.500000 1.016531
60.000000 1.015386
60.500000 1.012256
61.000000 1.012534
61.500000 1.012409
62.000000 1.010765
62.500000 1.010191
63.000000 1.008088
63.500000 1.006044
64.000000 1.005585
64.500000 1.004840
65.000000 1.002479
65.500000 1.002258
66.000000 1.000850
66.500000 0.999771
67.000000 0.997037
67.500000 0.997186
68.000000 0.997731
68.500000 0.994929
69.000000 0.995302
69.500000 0.992836
70.000000 0.994060
70.500000 0.992703
71.000000 0.991772
71.500000 0.993302
72.000000 0.991536
72.500000 0.992913
73.000000 0.992136
73.500000 0.990640
74.000000 0.992809
74.500000 0.992134
75.000000 0.992506
75.500000 0.991483
76.000000 0.990229
76.500000 0.991785
77.000000 0.991316
77.500000 0.990025
78.000000 0.990571
78.500000 0.990331
79.000000 0.990225
79.500000 0.990905
80.000000 0.989400
80.500000 0.990070
81.000000 0.989340
81.500000 0.989105
82.000000 0.989333
82.500000 0.989456
83.000000 0.990556
83.500000 0.990218
84.000000 0.990725
84.500000 0.990989
85.000000 0.991186
85.500000 0.991971
86.000000 0.990465
86.500000 0.992353
87.000000 0.993338
87.500000 0.993540
88.000000 0.993132
88.500000 0.992898
89.000000 0.993709
89.500000 0.994544
90.000000 0.995089
90.500000 0.995465
91.000000 0.996112
91.500000 0.996132
92.000000 0.996806
92.500000 0.997530
93.000000 0.998283
93.500000 0.998739
94.000000 0.999650
94.500000 0.999625
95.000000 0.999649
95.500000 0.998748
96.000000 1.000525
96.500000 1.001116
97.000000 1.000801
97.500000 1.000764
98.000000 1.000839
98.500000 1.000606
99.000000 1.001454
99.500000 1.001564
100.000000 1.002568
100.500000 1.002518
101.000000 1.003378
101.500000 1.002823
102.000000 1.002613
102.500000 1.002929
103.000000 1.002729
103.500000 1.003587
104.000000 1.003633
104.500000 1.003894
105.000000 1.004215
105.500000 1.004924
106.000000 1.004441
106.500000 1.005096
107.000000 1.004859
107.500000 1.004691
108.000000 1.005485
108.500000 1.006504
109.000000 1.006337
109.500000 1.006602
110.000000 1.006311
110.500000 1.006395
111.000000 1.005943
111.500000 1.007023
112.000000 1.007268
112.500000 1.006708
113.000000 1.006583
113.500000 1.007375
114.000000 1.007415
114.500000 1.007747
115.000000 1.007301
115.500000 1.007451
116.000000 1.007743
116.500000 1.007331
117.000000 1.007571
117.500000 1.007701
118.000000 1.007236
118.500000 1.006877
119.000000 1.007398
119.500000 1.006392
120.000000 1.006060
120.500000 1.005846
121.000000 1.006580
121.500000 1.005351
122.000000 1.004483
122.500000 1.004456
123.000000 1.005296
123.500000 1.004159
124.000000 1.004887
124.500000 1.003132
