0.000000 -nan
0.500000 0.000000
1.000000 0.000000
1.500000 0.000000
2.000000 0.104793
2.500000 0.067068
3.000000 0.302736
3.500000 0.855456
4.000000 1.951777
4.500000 2.970439
5.000000 4.242036
5.500000 5.688288
6.000000 6.904719
6.500000 7.108587
7.000000 7.326982
7.500000 7.474329
8.000000 6.899989
8.500000 6.312260
9.000000 5.873604
9.500000 5.475962
10.000000 4.923193
10.500000 4.513006
11.000000 4.184807
11.500000 3.933416
12.000000 3.590629
12.500000 3.362778
13.000000 3.288900
13.500000 3.037139
14.000000 2.991958
14.500000 2.653603
15.000000 2.503863
15.500000 2.416463
16.000000 2.217035
16.500000 2.083165
17.000000 1.979108
17.500000 1.871738
18.000000 1.751731
18.500000 1.633828
19.000000 1.633732
19.500000 1.485434
20.000000 1.356026
20.500000 1.297667
21.000000 1.227104
21.500000 1.170693
22.000000 1.080411
22.500000 1.071428
23.000000 1.036840
23.500000 0.984460
24.000000 0.905662
24.500000 0.869423
25.000000 0.821245
25.500000 0.804504
26.000000 0.779440
26.500000 0.756273
27.000000 0.721047
27.500000 0.722503
28.000000 0.681157
28.500000 0.663659
29.000000 0.677606
29.500000 0.645438
30.000000 0.656239
30.500000 0.628366
31.000000 0.637484
31.500000 0.610648
32.000000 0.618936
32.500000 0.599840
33.000000 0.597582
33.500000 0.592576
34.000000 0.598483
34.500000 0.598517
35.000000 0.594029
35.500000 0.599865
36.000000 0.606443
36.500000 0.611652
37.000000 0.621106
37.500000 0.614192
38.000000 0.617439
38.500000 0.635441
39.000000 0.633996
39.500000 0.647197
40.000000 0.661246
40.500000 0.653070
41.000000 0.655442
41.500000 0.673209
42.000000 0.663573
42.500000 0.679844
43.000000 0.697565
43.500000 0.689817
44.000000 0.722187
44.500000 0.734837
45.000000 0.734433
45.500000 0.744804
46.000000 0.749005
46.500000 0.761191
47.000000 0.787113
47.500000 0.786513
48.000000 0.784495
48.500000 0.808409
49.000000 0.813120
49.500000 0.814910
50.000000 0.809927
50.500000 0.838840
51.000000 0.842779
51.500000 0.845380
52.000000 0.857957
52.500000 0.856597
53.000000 0.877295
53.500000 0.877449
54.000000 0.873063
54.500000 0.904111
55.000000 0.904514
55.500000 0.913670
56.000000 0.908788
56.500000 0.906628
57.000000 0.931948
57.500000 0.921960
58.000000 0.912238
58.500000 0.924883
59.000000 0.918485
59.500000 0.936325
60.000000 0.956589
60.500000 0.930765
61.000000 0.941479
61.500000 0.932272
62.000000 0.938615
62.500000 0.952148
63.000000 0.939787
63.500000 0.950411
64.000000 0.949895
64.500000 0.950237
65.000000 0.959039
65.500000 0.946456
66.000000 0.948770
66.500000 0.944035
67.000000 0.941623
67.500000 0.947919
68.000000 0.959548
68.500000 0.946172
69.000000 0.944307
69.500000 0.955024
70.000000 0.952251
70.500000 0.939256
71.000000 0.943951
71.500000 0.953958
72.000000 0.937197
72.500000 0.931492
73.000000 0.942806
73.500000 0.934950
74.000000 0.921095
74.500000 0.937925
75.000000 0.934030
75.500000 0.917361
76.000000 0.917523
76.500000 0.936761
77.000000 0.923822
77.500000 0.911661
78.000000 0.913721
78.500000 0.923750
79.000000 0.911926
79.500000 0.913457
80.000000 0.922968
80.500000 0.905134
81.000000 0.911276
81.500000 0.908396
82.000000 0.911690
82.500000 0.905261
83.000000 0.902114
83.500000 0.896844
84.000000 0.905863
84.500000 0.903775
85.000000 0.912348
85.500000 0.906582
86.000000 0.904913
86.500000 0.901260
87.000000 0.898795
87.500000 0.895450
88.000000 0.903870
88.500000 0.897138
89.000000 0.894865
89.500000 0.894235
90.000000 0.893668
90.500000 0.886072
91.000000 0.881424
91.500000 0.896900
92.000000 0.898049
92.500000 0.897699
93.000000 0.897935
93.500000 0.890682
94.000000 0.890103
94.500000 0.894063
95.000000 0.897333
95.500000 0.898900
96.000000 0.898681
96.500000 0.891620
97.000000 0.889023
97.500000 0.907179
98.000000 0.902048
98.500000 0.899221
99.000000 0.896833
99.500000 0.892034
100.000000 0.906588
100.500000 0.898794
101.000000 0.897395
101.500000 0.906478
102.000000 0.897412
102.500000 0.904377
103.000000 0.903323
103.500000 0.902990
104.000000 0.911032
104.500000 0.906058
105.000000 0.908837
105.500000 0.898228
106.000000 0.904547
106.500000 0.909156
107.000000 0.907929
107.500000 0.909260
108.000000 0.916367
108.500000 0.902867
109.000000 0.910303
109.500000 0.899771
110.000000 0.914006
110.500000 0.904826
111.000000 0.910829
111.500000 0.906202
112.000000 0.908705
112.500000 0.902699
113.000000 0.909500
113.500000 0.914195
114.000000 0.903081
114.500000 0.906785
115.000000 0.912594
115.500000 0.908025
116.000000 0.915883
116.500000 0.906046
117.000000 0.903754
117.500000 0.905536
118.000000 0.907708
118.500000 0.904153
119.000000 0.904815
119.500000 0.904465
120.000000 0.905881
120.500000 0.909175
121.000000 0.907088
121.500000 0.906481
122.000000 0.903079
122.500000 0.905373
123.000000 0.907586
123.500000 0.909733
124.000000 0.896591
124.500000 0.907347
