0.000000 -nan
0.500000 0.000000
1.000000 0.000000
1.500000 0.000000
2.000000 0.000000
2.500000 0.000000
3.000000 0.000000
3.500000 0.000000
4.000000 0.000762
4.500000 0.001324
5.000000 0.001852
5.500000 0.005156
6.000000 0.011576
6.500000 0.022207
7.000000 0.041828
7.500000 0.077293
8.000000 0.124518
8.500000 0.195268
9.000000 0.286008
9.500000 0.390739
10.000000 0.496136
10.500000 0.619753
11.000000 0.725598
11.500000 0.823384
12.000000 0.882129
12.500000 0.926081
13.000000 0.944755
13.500000 0.961049
14.000000 0.957987
14.500000 0.936107
15.000000 0.911870
15.500000 0.891501
16.000000 0.876321
16.500000 0.856948
17.000000 0.851426
17.500000 0.847355
18.000000 0.845982
18.500000 0.853251
19.000000 0.862643
19.500000 0.875808
20.000000 0.887119
20.500000 0.903615
21.000000 0.918206
21.500000 0.933768
22.000000 0.946005
22.500000 0.954435
23.000000 0.963618
23.500000 0.969646
24.000000 0.976993
24.500000 0.977441
25.000000 0.979127
25.500000 0.980654
26.000000 0.975327
26.500000 0.978004
27.000000 0.976153
27.500000 0.972186
28.000000 0.975655
28.500000 0.971705
29.000000 0.973947
29.500000 0.976382
30.000000 0.980040
30.500000 0.984033
31.000000 0.989231
31.500000 0.994075
32.000000 0.997141
32.500000 0.997655
33.000000 0.999759
33.500000 1.000710
34.000000 1.000955
34.500000 1.002148
35.000000 1.003641
35.500000 1.003686
36.000000 1.005118
36.500000 1.003566
37.000000 1.001179
37.500000 1.000991
38.000000 1.000943
38.500000 1.004258
39.000000 1.004104
39.500000 1.005463
40.000000 1.004784
40.500000 1.004388
41.000000 1.008110
41.500000 1.008895
42.000000 1.013718
42.500000 1.016391
43.000000 1.017424
43.500000 1.020351
44.000000 1.020214
44.500000 1.022165
45.000000 1.021636
45.500000 1.023089
46.000000 1.023056
46.500000 1.026706
47.000000 1.023933
47.500000 1.022308
48.000000 1.023326
48.500000 1.022884
49.000000 1.021722
49.500000 1.022821
50.000000 1.021538
50.500000 1.020037
51.000000 1.021323
51.500000 1.020468
52.000000 1.021435
52.500000 1.020294
53.000000 1.021157
53.500000 1.022466
54.000000 1.021450
54.500000 1.021958
55.000000 1.022071
55.500000 1.020814
56.000000 1.022475
56.500000 1.021753
57.000000 1.020555
57.500000 1.020993
58.000000 1.019211
58.500000 1.017032
59.000000 1.017049
59.500000 1.018025
60.000000 1.016541
60.500000 1.013151
61.000000 1.012621
61.500000 1.013369
62.000000 1.012524
62.500000 1.010628
63.000000 1.009104
63.500000 1.008025
64.000000 1.008768
64.500000 1.007995
65.000000 1.007810
65.500000 1.006064
66.000000 1.005709
66.500000 1.005089
67.000000 1.004894
67.500000 1.004257
68.000000 1.004808
68.500000 1.003562
69.000000 1.003551
69.500000 1.002823
70.000000 1.001560
70.500000 1.002129
71.000000 1.000407
71.500000 1.001661
72.000000 1.000420
72.500000 0.999836
73.000000 0.998546
73.500000 0.997108
74.000000 0.997348
74.500000 0.996623
75.000000 0.996328
75.500000 0.997026
76.000000 0.996625
76.500000 0.996534
77.000000 0.996900
77.500000 0.995977
78.000000 0.996021
78.500000 0.996193
79.000000 0.996182
79.500000 0.996277
80.000000 0.996950
80.500000 0.996581
81.000000 0.996393
81.500000 0.995809
82.000000 0.997617
82.500000 0.996084
83.000000 0.995638
83.500000 0.997202
84.000000 0.997260
84.500000 0.996509
85.000000 0.997713
85.500000 0.996733
86.000000 0.996564
86.500000 0.997281
87.000000 0.998088
87.500000 0.998257
88.000000 0.998745
88.500000 0.997570
89.000000 0.998489
89.500000 1.000113
90.000000 0.999479
90.500000 0.999455
91.000000 0.999680
91.500000 1.000139
92.000000 0.999360
92.500000 0.999361
93.000000 0.999510
93.500000 1.000261
94.000000 1.000587
94.500000 1.001276
95.000000 1.000410
95.500000 1.001054
96.000000 1.000747
96.500000 1.001948
97.000000 1.002454
97.500000 1.002726
98.000000 1.001881
98.500000 1.002474
99.000000 1.003371
99.500000 1.003469
100.000000 1.003394
100.500000 1.004034
101.000000 1.004688
101.500000 1.003744
102.000000 1.004459
102.500000 1.004016
103.000000 1.005404
103.500000 1.004335
104.000000 1.003714
104.500000 1.003805
105.000000 1.003467
105.500000 1.004133
106.000000 1.003586
106.500000 1.004526
107.000000 1.004988
107.500000 1.004092
108.000000 1.005305
108.500000 1.004344
109.000000 1.005001
109.500000 1.004739
110.000000 1.004504
110.500000 1.004491
111.000000 1.004684
111.500000 1.004265
112.000000 1.003772
112.500000 1.003913
113.000000 1.004007
113.500000 1.003971
114.000000 1.004258
114.500000 1.003645
115.000000 1.003572
115.500000 1.004479
116.000000 1.004500
116.500000 1.004354
117.000000 1.002864
117.500000 1.004173
118.000000 1.003538
118.500000 1.003604
119.000000 1.003286
119.500000 1.002926
120.000000 1.003755
120.500000 1.003608
121.000000 1.002143
121.500000 1.002578
122.000000 1.002832
122.500000 1.002144
123.000000 1.002582
123.500000 1.002114
124.000000 1.002066
124.500000 1.002371
