0.000000 nan
0.500000 0.000000
1.000000 0.000000
1.500000 0.000000
2.000000 0.052397
2.500000 0.055890
3.000000 0.139725
3.500000 0.325073
4.000000 0.711722
4.500000 1.276495
5.000000 2.107046
5.500000 2.942298
6.000000 3.912286
6.500000 4.701027
7.000000 5.218283
7.500000 5.441183
8.000000 5.408867
8.500000 5.186728
9.000000 4.722171
9.500000 4.454928
10.000000 4.058298
10.500000 3.744997
11.000000 3.460202
11.500000 3.127822
12.000000 3.008928
12.500000 2.811033
13.000000 2.585730
13.500000 2.516958
14.000000 2.325415
14.500000 2.258852
15.000000 2.101146
15.500000 2.025060
16.000000 1.935403
16.500000 1.780621
17.000000 1.692165
17.500000 1.632667
18.000000 1.584407
18.500000 1.503391
19.000000 1.382924
19.500000 1.350578
20.000000 1.290181
20.500000 1.227016
21.000000 1.187975
21.500000 1.136386
22.000000 1.099897
22.500000 1.052936
23.000000 1.017955
23.500000 0.964852
24.000000 0.934165
24.500000 0.911905
25.000000 0.900608
25.500000 0.854570
26.000000 0.843721
26.500000 0.829791
27.000000 0.811801
27.500000 0.798993
28.000000 0.780515
28.500000 0.773753
29.000000 0.774798
29.500000 0.760076
30.000000 0.758859
30.500000 0.737187
31.000000 0.751255
31.500000 0.735692
32.000000 0.727686
32.500000 0.727030
33.000000 0.728646
33.500000 0.727974
34.000000 0.740443
34.500000 0.735806
35.000000 0.746072
35.500000 0.743220
36.000000 0.747785
36.500000 0.753867
37.000000 0.761340
37.500000 0.757667
38.000000 0.767178
38.500000 0.779856
39.000000 0.781392
39.500000 0.789407
40.000000 0.798831
40.500000 0.798182
41.000000 0.811001
41.500000 0.819687
42.000000 0.832050
42.500000 0.839778
43.000000 0.838649
43.500000 0.837609
44.000000 0.849858
44.500000 0.866430
45.000000 0.870949
45.500000 0.880259
46.000000 0.904280
46.500000 0.894114
47.000000 0.904952
47.500000 0.908233
48.000000 0.911302
48.500000 0.920112
49.000000 0.934106
49.500000 0.944641
50.000000 0.945823
50.500000 0.939322
51.000000 0.950513
51.500000 0.968971
52.000000 0.981508
52.500000 0.972254
53.000000 0.974938
53.500000 0.978474
54.000000 0.987248
54.500000 0.990032
55.000000 0.982783
55.500000 0.995887
56.000000 1.008681
56.500000 1.003469
57.000000 1.002477
57.500000 1.007094
58.000000 1.007541
58.500000 1.020625
59.000000 1.001693
59.500000 1.011096
60.000000 1.019775
60.500000 1.016178
61.000000 1.011810
61.500000 1.013176
62.000000 1.015747
62.500000 1.015477
63.000000 1.014191
63.500000 1.012056
64.000000 1.010154
64.500000 1.018752
65.000000 1.008348
65.500000 1.016933
66.000000 1.015553
66.500000 1.010197
67.000000 1.010287
67.500000 1.007657
68.000000 1.008531
68.500000 1.009152
69.000000 1.003384
69.500000 0.997199
70.000000 0.997704
70.500000 1.000442
71.000000 1.009822
71.500000 0.997374
72.000000 0.998623
72.500000 1.000461
73.000000 0.988310
73.500000 1.002015
74.000000 0.994529
74.500000 0.992969
75.000000 0.992553
75.500000 0.988826
76.000000 0.982885
76.500000 0.987031
77.000000 0.976905
77.500000 0.978426
78.000000 0.977107
78.500000 0.973180
79.000000 0.970247
79.500000 0.974661
80.000000 0.979491
80.500000 0.969237
81.000000 0.974249
81.500000 0.965161
82.000000 0.971443
82.500000 0.970799
83.000000 0.964847
83.500000 0.962375
84.000000 0.961230
84.500000 0.964359
85.000000 0.958529
85.500000 0.955685
86.000000 0.961456
86.500000 0.961232
87.000000 0.958771
87.500000 0.954059
88.000000 0.953217
88.500000 0.960290
89.000000 0.955096
89.500000 0.957022
90.000000 0.954499
90.500000 0.949620
91.000000 0.960524
91.500000 0.949946
92.000000 0.956141
92.500000 0.949923
93.000000 0.959800
93.500000 0.958904
94.000000 0.957048
94.500000 0.952361
95.000000 0.953858
95.500000 0.954337
96.000000 0.956603
96.500000 0.956139
97.000000 0.955143
97.500000 0.954396
98.000000 0.958016
98.500000 0.959418
99.000000 0.958804
99.500000 0.956792
100.000000 0.960375
100.500000 0.962111
101.000000 0.962299
101.500000 0.957134
102.000000 0.957443
102.500000 0.960965
103.000000 0.963696
103.500000 0.968742
104.000000 0.961678
104.500000 0.962343
105.000000 0.961070
105.500000 0.961680
106.000000 0.959922
106.500000 0.965035
107.000000 0.963213
107.500000 0.960736
108.000000 0.965475
108.500000 0.965790
109.000000 0.966294
109.500000 0.966002
110.000000 0.966091
110.500000 0.967936
111.000000 0.967168
111.500000 0.967313
112.000000 0.968297
112.500000 0.966791
113.000000 0.966390
113.500000 0.967814
114.000000 0.968051
114.500000 0.967315
115.000000 0.969530
115.500000 0.970507
116.000000 0.971447
116.500000 0.970003
117.000000 0.973050
117.500000 0.971815
118.000000 0.967966
118.500000 0.969278
119.000000 0.968654
119.500000 0.972375
120.000000 0.972104
120.500000 0.970106
121.000000 0.972928
121.500000 0.970805
122.000000 0.970468
122.500000 0.972618
123.000000 0.968956
123.500000 0.970008
124.000000 0.971806
124.500000 0.968401
