0.000000 nan
0.500000 0.209587
1.000000 0.392975
1.500000 0.244518
2.000000 0.255434
2.500000 0.414982
3.000000 0.416263
3.500000 0.545353
4.000000 0.692619
4.500000 0.767191
5.000000 1.009160
5.500000 1.123281
6.000000 1.421988
6.500000 1.527875
7.000000 1.678833
7.500000 1.882555
8.000000 2.011132
8.500000 2.022984
9.000000 2.102983
9.500000 2.142604
10.000000 2.144073
10.500000 2.128898
11.000000 2.086341
11.500000 2.034656
12.000000 2.026005
12.500000 2.003817
13.000000 1.940538
13.500000 1.912443
14.000000 1.852597
14.500000 1.842918
15.000000 1.808152
15.500000 1.762731
16.000000 1.745567
16.500000 1.733469
17.000000 1.743051
17.500000 1.681741
18.000000 1.655509
18.500000 1.650056
19.000000 1.639828
19.500000 1.622885
20.000000 1.606548
20.500000 1.595652
21.000000 1.581346
21.500000 1.558412
22.000000 1.552306
22.500000 1.556013
23.000000 1.529756
23.500000 1.526644
24.000000 1.510362
24.500000 1.497790
25.000000 1.483623
25.500000 1.465496
26.000000 1.457496
26.500000 1.457706
27.000000 1.421395
27.500000 1.418400
28.000000 1.408261
28.500000 1.398696
29.000000 1.370413
29.500000 1.363247
30.000000 1.353232
30.500000 1.340122
31.000000 1.333907
31.500000 1.321495
32.000000 1.299428
32.500000 1.306953
33.000000 1.281073
33.500000 1.274445
34.000000 1.262234
34.500000 1.257256
35.000000 1.248495
35.500000 1.231307
36.000000 1.214807
36.500000 1.210581
37.000000 1.199785
37.500000 1.193359
38.000000 1.173011
38.500000 1.162006
39.000000 1.167092
39.500000 1.141225
40.000000 1.146538
40.500000 1.130877
41.000000 1.131610
41.500000 1.106271
42.000000 1.104533
42.500000 1.095464
43.000000 1.088287
43.500000 1.079071
44.000000 1.077488
44.500000 1.059272
45.000000 1.056110
45.500000 1.057070
46.000000 1.044554
46.500000 1.038289
47.000000 1.035256
47.500000 1.024165
48.000000 1.019427
48.500000 1.012026
49.000000 1.007518
49.500000 1.000792
50.000000 0.993787
50.500000 0.989697
51.000000 0.979008
51.500000 0.974591
52.000000 0.971868
52.500000 0.967730
53.000000 0.962017
53.500000 0.957630
54.000000 0.958701
54.500000 0.948821
55.000000 0.949177
55.500000 0.938607
56.000000 0.937259
56.500000 0.940637
57.000000 0.933706
57.500000 0.925866
58.000000 0.924979
58.500000 0.921262
59.000000 0.920223
59.500000 0.918565
60.000000 0.909454
60.500000 0.912635
61.000000 0.907113
61.500000 0.900708
62.000000 0.906365
62.500000 0.902115
63.000000 0.900645
63.500000 0.900675
64.000000 0.901649
64.500000 0.898530
65.000000 0.893398
65.500000 0.892646
66.000000 0.894984
66.500000 0.893875
67.000000 0.896206
67.500000 0.894386
68.000000 0.892919
68.500000 0.891886
69.000000 0.892615
69.500000 0.890882
70.000000 0.886103
70.500000 0.892749
71.000000 0.892209
71.500000 0.892089
72.000000 0.890840
72.500000 0.887606
73.000000 0.891447
73.500000 0.891561
74.000000 0.893241
74.500000 0.894499
75.000000 0.896319
75.500000 0.897461
76.000000 0.896096
76.500000 0.896378
77.000000 0.895861
77.500000 0.899779
78.000000 0.901328
78.500000 0.901876
79.000000 0.903723
79.500000 0.903098
80.000000 0.905480
80.500000 0.907713
81.000000 0.908621
81.500000 0.908743
82.000000 0.912680
82.500000 0.911266
83.000000 0.912782
83.500000 0.914309
84.000000 0.915394
84.500000 0.919757
85.000000 0.919861
85.500000 0.925243
86.000000 0.923481
86.500000 0.926215
87.000000 0.927994
87.500000 0.929457
88.000000 0.932507
88.500000 0.933403
89.000000 0.936049
89.500000 0.940707
90.000000 0.941416
90.500000 0.941333
91.000000 0.946896
91.500000 0.941782
92.000000 0.948675
92.500000 0.949877
93.000000 0.951528
93.500000 0.955241
94.000000 0.954822
94.500000 0.960038
95.000000 0.963495
95.500000 0.962634
96.000000 0.960143
96.500000 0.968123
97.000000 0.965591
97.500000 0.972675
98.000000 0.972189
98.500000 0.974085
99.000000 0.974749
99.500000 0.976298
100.000000 0.978165
100.500000 0.978741
101.000000 0.984468
101.500000 0.984415
102.000000 0.983878
102.500000 0.987058
103.000000 0.987739
103.500000 0.993168
104.000000 0.990511
104.500000 0.993926
105.000000 0.995651
105.500000 0.993754
106.000000 0.999366
106.500000 0.998317
107.000000 0.999411
107.500000 0.999215
108.000000 1.005215
108.500000 1.006149
109.000000 1.008534
109.500000 1.004896
110.000000 1.004468
110.500000 1.009577
111.000000 1.011946
111.500000 1.011484
112.000000 1.013429
112.500000 1.013787
113.000000 1.011153
113.500000 1.010835
114.000000 1.014017
114.500000 1.015911
115.000000 1.012086
115.500000 1.014625
116.000000 1.018013
116.500000 1.017300
117.000000 1.016761
117.500000 1.016516
118.000000 1.020721
118.500000 1.020878
119.000000 1.019586
119.500000 1.019797
120.000000 1.020793
120.500000 1.018425
121.000000 1.021444
121.500000 1.018735
122.000000 1.021426
122.500000 1.021308
123.000000 1.017429
123.500000 1.017560
124.000000 1.020350
124.500000 1.021361
