# q  S_avg  S_stderr  n_modes
5.000000000000000104e-04 2.227500000000000000e+04 0.000000000000000000e+00 1.330000000000000000e+02
2.050000000000000086e-02 2.388509999999999800e-01 2.434299999999998618e-02 2.000000000000000000e+00
2.949999999999999845e-02 6.210773333333333701e-01 1.351301429269000931e-01 3.000000000000000000e+00
3.650000000000000466e-02 1.568359999999999976e+00 0.000000000000000000e+00 1.000000000000000000e+00
4.150000000000000216e-02 3.362973333333333148e+00 7.966147629465853974e-01 3.000000000000000000e+00
4.649999999999999967e-02 7.250320833333333326e+00 2.509052307312602981e+00 6.000000000000000000e+00
5.150000000000000411e-02 4.012728333333333453e+00 2.900322818360531851e+00 3.000000000000000000e+00
5.949999999999999734e-02 2.014310000000000045e+01 9.801362691143172157e+00 3.000000000000000000e+00
6.250000000000000000e-02 9.233660833333333429e+00 2.378589280866012956e+00 6.000000000000000000e+00
6.650000000000000355e-02 5.461288333333333078e+00 8.487225793132353591e-01 6.000000000000000000e+00
6.950000000000000622e-02 3.690765333333333675e+00 1.502764480281295167e+00 3.000000000000000000e+00
7.250000000000000888e-02 8.590330000000000465e-01 0.000000000000000000e+00 1.000000000000000000e+00
7.549999999999999767e-02 9.648368333333333657e-01 1.988615388118773197e-01 6.000000000000000000e+00
7.850000000000000033e-02 1.024267333333333196e+00 2.494567719355622604e-01 6.000000000000000000e+00
8.350000000000000477e-02 7.714020000000000321e-01 3.550667107741865142e-02 3.000000000000000000e+00
8.650000000000000744e-02 8.455392222222223308e-01 1.865633133179202818e-01 9.000000000000000000e+00
8.849999999999999534e-02 6.535563333333332947e-01 1.151336587882873796e-01 6.000000000000000000e+00
9.149999999999999800e-02 5.727036666666666109e-01 2.642723254733853749e-02 3.000000000000000000e+00
9.349999999999999978e-02 5.610411666666667019e-01 1.080520975376898785e-01 6.000000000000000000e+00
9.550000000000000155e-02 6.944431666666667224e-01 1.330627107012370969e-01 6.000000000000000000e+00
9.850000000000000422e-02 4.012006666666667054e-01 3.634888036942969525e-02 3.000000000000000000e+00
1.025000000000000078e-01 4.959270000000000067e-01 8.017163377612641917e-02 3.000000000000000000e+00
1.045000000000000095e-01 4.056817777777778078e-01 4.858638677247916621e-02 9.000000000000000000e+00
1.064999999999999974e-01 4.011143333333333505e-01 3.767798579556915634e-02 1.200000000000000000e+01
1.084999999999999992e-01 3.648142499999999511e-01 4.854538914317713116e-02 4.000000000000000000e+00
1.125000000000000028e-01 4.195197500000000246e-01 3.055556396987372733e-02 1.200000000000000000e+01
1.145000000000000046e-01 4.604090000000000127e-01 5.737567919946569284e-02 6.000000000000000000e+00
1.185000000000000081e-01 4.878103333333332903e-01 8.138077127580226056e-02 3.000000000000000000e+00
1.204999999999999960e-01 3.678726666666666811e-01 3.270644751183541393e-02 6.000000000000000000e+00
1.224999999999999978e-01 3.772715555555555267e-01 2.527651065224562413e-02 9.000000000000000000e+00
1.234999999999999987e-01 3.314115000000000255e-01 2.767825274922533843e-02 6.000000000000000000e+00
1.255000000000000004e-01 3.518281666666667196e-01 3.404713299277603578e-02 6.000000000000000000e+00
1.275000000000000022e-01 3.428076666666666772e-01 1.562141463433378875e-02 6.000000000000000000e+00
1.295000000000000040e-01 3.290033333333333143e-01 1.678412336356395473e-02 9.000000000000000000e+00
1.325000000000000067e-01 3.281556666666666788e-01 3.516061953063082807e-02 6.000000000000000000e+00
1.345000000000000084e-01 2.862849333333333246e-01 1.703404344371997961e-02 1.500000000000000000e+01
1.355000000000000093e-01 3.159443333333333270e-01 3.295732751571003177e-02 6.000000000000000000e+00
1.375000000000000111e-01 2.681883333333333064e-01 1.579243845783305511e-02 3.000000000000000000e+00
1.385000000000000120e-01 3.100336666666667074e-01 1.457761265700860745e-02 3.000000000000000000e+00
1.405000000000000138e-01 2.810952500000000187e-01 2.015409400177038332e-02 1.200000000000000000e+01
1.425000000000000155e-01 2.839379999999999682e-01 1.405964775044761181e-02 6.000000000000000000e+00
1.454999999999999905e-01 3.357550000000000257e-01 0.000000000000000000e+00 1.000000000000000000e+00
1.464999999999999913e-01 2.721782222222222103e-01 2.215934856441819853e-02 9.000000000000000000e+00
1.484999999999999931e-01 2.646544000000000674e-01 1.298200995986735669e-02 1.500000000000000000e+01
1.494999999999999940e-01 2.453683333333333272e-01 2.215863143888729264e-02 6.000000000000000000e+00
1.514999999999999958e-01 2.898821666666666075e-01 4.357578849289795581e-03 6.000000000000000000e+00
1.524999999999999967e-01 2.671735833333333532e-01 9.591466365329519989e-03 1.200000000000000000e+01
1.534999999999999976e-01 2.553667500000000312e-01 1.385692112656901169e-02 1.200000000000000000e+01
1.565000000000000002e-01 2.547081666666666799e-01 1.174776662297041981e-02 6.000000000000000000e+00
1.585000000000000020e-01 2.511631666666666596e-01 1.213689542240702253e-02 6.000000000000000000e+00
1.595000000000000029e-01 2.361860000000000070e-01 1.558522131593474518e-02 6.000000000000000000e+00
1.605000000000000038e-01 2.671645555555555718e-01 7.988627432361982902e-03 9.000000000000000000e+00
1.635000000000000064e-01 2.518035000000000134e-01 1.300176307246152935e-02 1.200000000000000000e+01
1.645000000000000073e-01 2.712184166666666840e-01 1.844721094606885728e-02 1.200000000000000000e+01
1.675000000000000100e-01 2.624406666666666554e-01 3.807268470234853597e-02 3.000000000000000000e+00
1.685000000000000109e-01 2.518601111111110624e-01 1.130724213178106209e-02 1.800000000000000000e+01
1.705000000000000127e-01 2.574505000000000265e-01 1.071048096527769250e-02 1.200000000000000000e+01
1.715000000000000135e-01 2.302923333333333211e-01 2.747915388273646647e-02 3.000000000000000000e+00
1.725000000000000144e-01 2.552542222222222157e-01 2.353170579816952004e-02 9.000000000000000000e+00
1.735000000000000153e-01 2.607729166666666321e-01 1.748579420881433977e-02 1.200000000000000000e+01
1.754999999999999893e-01 2.495331666666666948e-01 2.651974673385433870e-02 6.000000000000000000e+00
1.774999999999999911e-01 2.677641666666666920e-01 3.259930552881627752e-02 6.000000000000000000e+00
1.784999999999999920e-01 2.605198888888888842e-01 1.919424594148844490e-02 9.000000000000000000e+00
1.804999999999999938e-01 2.530713333333333703e-01 8.589730096500063430e-03 1.800000000000000000e+01
1.814999999999999947e-01 2.311792857142857260e-01 9.366122150028355353e-03 7.000000000000000000e+00
1.824999999999999956e-01 3.006926666666666637e-01 1.866273761923594246e-02 3.000000000000000000e+00
1.834999999999999964e-01 2.527389999999999914e-01 9.630550023626680348e-03 1.200000000000000000e+01
1.844999999999999973e-01 2.481021666666666514e-01 6.990382666762799332e-03 6.000000000000000000e+00
1.875000000000000000e-01 2.471529999999999561e-01 1.264121720668807264e-02 6.000000000000000000e+00
1.885000000000000009e-01 2.451519333333333217e-01 1.049214360887260923e-02 1.500000000000000000e+01
1.895000000000000018e-01 2.415711111111110976e-01 1.165171223402671798e-02 9.000000000000000000e+00
1.905000000000000027e-01 2.796137777777778499e-01 1.320611211688841984e-02 9.000000000000000000e+00
1.915000000000000036e-01 2.549971666666666636e-01 2.330143629395216645e-02 6.000000000000000000e+00
1.935000000000000053e-01 2.568431666666666779e-01 1.612834489800456933e-02 1.200000000000000000e+01
1.945000000000000062e-01 2.616389999999999549e-01 1.189700674799778167e-02 1.500000000000000000e+01
1.965000000000000080e-01 2.563159999999999883e-01 2.701371853336746037e-02 3.000000000000000000e+00
1.975000000000000089e-01 2.501243333333333374e-01 1.019143731657992137e-02 2.100000000000000000e+01
1.985000000000000098e-01 2.604421666666666968e-01 1.319219773230260496e-02 1.800000000000000000e+01
1.995000000000000107e-01 2.436236666666666550e-01 2.421891535648210136e-02 6.000000000000000000e+00
2.015000000000000124e-01 2.779321666666666468e-01 2.302700470956751608e-02 6.000000000000000000e+00
2.035000000000000142e-01 2.727778333333332750e-01 1.304986083800950547e-02 1.200000000000000000e+01
2.055000000000000160e-01 2.460606666666667053e-01 2.720629113724331791e-02 3.000000000000000000e+00
2.065000000000000169e-01 2.624766666666666914e-01 2.642710784665791915e-02 9.000000000000000000e+00
2.075000000000000178e-01 2.719870666666666659e-01 1.488082736834041818e-02 1.500000000000000000e+01
2.085000000000000187e-01 2.428006666666666091e-01 1.643917725874517385e-02 9.000000000000000000e+00
2.094999999999999918e-01 2.559593333333333165e-01 1.278769751558113572e-02 9.000000000000000000e+00
2.104999999999999927e-01 2.503765416666666188e-01 9.349416738372005181e-03 2.400000000000000000e+01
2.114999999999999936e-01 2.395589999999999942e-01 2.386537120739308515e-02 6.000000000000000000e+00
2.134999999999999953e-01 2.534849166666666709e-01 1.156306468724835682e-02 1.200000000000000000e+01
2.144999999999999962e-01 2.797351666666667014e-01 1.320063824147617651e-02 1.200000000000000000e+01
2.154999999999999971e-01 2.460524166666666901e-01 1.616808933046368080e-02 1.200000000000000000e+01
2.164999999999999980e-01 2.568585555555555899e-01 2.147795878731853167e-02 9.000000000000000000e+00
2.174999999999999989e-01 2.925107500000000416e-01 1.976083904415920287e-02 4.000000000000000000e+00
2.184999999999999998e-01 2.724063333333333614e-01 1.212101981241386212e-02 1.200000000000000000e+01
2.195000000000000007e-01 2.727121666666666999e-01 1.023947545673532106e-02 1.800000000000000000e+01
2.225000000000000033e-01 2.729583333333333028e-01 1.207710882528503782e-02 1.500000000000000000e+01
2.235000000000000042e-01 2.980728333333333424e-01 1.321487171817334848e-02 1.200000000000000000e+01
2.245000000000000051e-01 2.759636666666666627e-01 1.578947928984500773e-02 6.000000000000000000e+00
2.255000000000000060e-01 2.722493333333333432e-01 1.251260199748536507e-02 1.200000000000000000e+01
2.265000000000000069e-01 2.830613888888888763e-01 9.392589980933233745e-03 1.800000000000000000e+01
2.275000000000000078e-01 2.634972222222222160e-01 1.863783169820174349e-02 9.000000000000000000e+00
2.295000000000000095e-01 2.724136666666666651e-01 1.435473860824749461e-02 6.000000000000000000e+00
2.305000000000000104e-01 3.137124166666666603e-01 1.264884358437940240e-02 1.200000000000000000e+01
2.315000000000000113e-01 2.936880555555554939e-01 1.554099679163458217e-02 1.800000000000000000e+01
2.325000000000000122e-01 3.049135000000000040e-01 2.593761168747037854e-02 6.000000000000000000e+00
2.345000000000000140e-01 2.752861249999999926e-01 8.643786554370085085e-03 2.400000000000000000e+01
2.355000000000000149e-01 3.059938333333333538e-01 1.128490733460641229e-02 1.800000000000000000e+01
2.365000000000000158e-01 3.323866666666666636e-01 6.547056344478622593e-03 3.000000000000000000e+00
2.375000000000000167e-01 2.844020555555555330e-01 1.013656531678196540e-02 1.800000000000000000e+01
2.385000000000000175e-01 2.969413333333333349e-01 1.547759773875216974e-02 1.200000000000000000e+01
2.394999999999999907e-01 3.184499333333333237e-01 1.615449851912600585e-02 1.500000000000000000e+01
2.404999999999999916e-01 2.884843333333333426e-01 2.321374030276991685e-02 6.000000000000000000e+00
2.414999999999999925e-01 3.116841666666666510e-01 2.775201557054510215e-02 6.000000000000000000e+00
2.424999999999999933e-01 3.298678571428571571e-01 9.225139806215278820e-03 2.100000000000000000e+01
2.444999999999999951e-01 3.097365555555555705e-01 1.533645584430110703e-02 9.000000000000000000e+00
2.454999999999999960e-01 3.613185333333334137e-01 1.369198902934422139e-02 1.500000000000000000e+01
2.464999999999999969e-01 3.136566666666666947e-01 1.279770070054128683e-02 2.100000000000000000e+01
2.474999999999999978e-01 3.173063333333333014e-01 2.191712824659695219e-02 6.000000000000000000e+00
2.484999999999999987e-01 3.387115833333333437e-01 1.998031543243678973e-02 1.200000000000000000e+01
2.494999999999999996e-01 2.906736666666666635e-01 2.490540778313907536e-02 6.000000000000000000e+00
2.515000000000000013e-01 3.253238333333333676e-01 2.004684129468891490e-02 6.000000000000000000e+00
2.525000000000000022e-01 3.240758333333333407e-01 1.171571876656828451e-02 1.800000000000000000e+01
2.535000000000000031e-01 3.095821764705882773e-01 1.055141256279733958e-02 3.400000000000000000e+01
2.545000000000000040e-01 2.997686666666666833e-01 3.327185587015615148e-02 6.000000000000000000e+00
2.555000000000000049e-01 3.288935000000000053e-01 1.368341233582376533e-02 2.400000000000000000e+01
2.565000000000000058e-01 3.454815999999999998e-01 2.240776892270476134e-02 1.500000000000000000e+01
2.585000000000000075e-01 3.077797777777778188e-01 1.541872715850019747e-02 9.000000000000000000e+00
2.595000000000000084e-01 3.433769090909090660e-01 1.154060573135231964e-02 3.300000000000000000e+01
2.605000000000000093e-01 3.276261666666666628e-01 1.977226351515238775e-02 1.200000000000000000e+01
2.625000000000000111e-01 3.686386666666666145e-01 1.780966556324816222e-02 1.200000000000000000e+01
2.635000000000000120e-01 3.501781666666667348e-01 1.699278415923427543e-02 1.200000000000000000e+01
2.645000000000000129e-01 3.377254999999999563e-01 3.306414122152073060e-02 6.000000000000000000e+00
2.655000000000000138e-01 3.605609999999999649e-01 1.455932051301586823e-02 2.400000000000000000e+01
2.665000000000000147e-01 3.446547333333332963e-01 1.867707116747485685e-02 1.500000000000000000e+01
2.675000000000000155e-01 3.670949999999999491e-01 3.216563506290526231e-02 3.000000000000000000e+00
2.685000000000000164e-01 3.577463333333333328e-01 1.440532232153455064e-02 1.500000000000000000e+01
2.695000000000000173e-01 3.857592592592593017e-01 1.565214509857590017e-02 2.700000000000000000e+01
2.715000000000000191e-01 3.739963333333333195e-01 2.156875850494053420e-02 6.000000000000000000e+00
2.725000000000000200e-01 3.697759333333333065e-01 1.315385366182950273e-02 1.500000000000000000e+01
2.735000000000000209e-01 3.573295897435896928e-01 9.737584668787511999e-03 3.900000000000000000e+01
2.745000000000000218e-01 3.514553333333332863e-01 4.299492429087156675e-02 3.000000000000000000e+00
2.755000000000000226e-01 3.831516666666667237e-01 1.197034595616962641e-02 2.400000000000000000e+01
2.765000000000000235e-01 3.921595000000000497e-01 1.420341377478820041e-02 1.800000000000000000e+01
2.775000000000000244e-01 3.876740000000000186e-01 2.356130050174084709e-02 3.000000000000000000e+00
2.785000000000000253e-01 3.590636666666666699e-01 3.473011497117611812e-02 6.000000000000000000e+00
2.795000000000000262e-01 3.741750666666667779e-01 1.542876091357481792e-02 1.500000000000000000e+01
2.805000000000000271e-01 3.714575925925925337e-01 1.702995293737395027e-02 2.700000000000000000e+01
2.815000000000000280e-01 3.949093888888888793e-01 1.430552959777453212e-02 1.800000000000000000e+01
2.825000000000000289e-01 3.868860555555555525e-01 1.312186372674313192e-02 1.800000000000000000e+01
2.845000000000000306e-01 4.079380833333333123e-01 1.175061897831816693e-02 3.600000000000000000e+01
2.855000000000000315e-01 4.136278333333333612e-01 1.955644685911190825e-02 1.800000000000000000e+01
2.865000000000000324e-01 4.079268333333332941e-01 2.088664916067465085e-02 6.000000000000000000e+00
2.875000000000000333e-01 4.149047083333334274e-01 1.223598835691570505e-02 2.400000000000000000e+01
2.884999999999999787e-01 3.848134999999999750e-01 3.666133732580778570e-02 6.000000000000000000e+00
2.904999999999999805e-01 4.085359999999999547e-01 2.119981699973427433e-02 1.000000000000000000e+01
2.914999999999999813e-01 4.118672424242424412e-01 1.113467803781228310e-02 3.300000000000000000e+01
2.924999999999999822e-01 4.321486666666666809e-01 2.878273934973437503e-02 1.200000000000000000e+01
2.934999999999999831e-01 4.370932222222222996e-01 1.351362627595959973e-02 2.700000000000000000e+01
2.944999999999999840e-01 4.497651333333332890e-01 2.216831562063011074e-02 1.500000000000000000e+01
2.964999999999999858e-01 4.208742121212121212e-01 1.331814484559800879e-02 3.300000000000000000e+01
2.974999999999999867e-01 4.728206666666667224e-01 3.407507254407302066e-02 1.200000000000000000e+01
2.984999999999999876e-01 4.100309166666667449e-01 1.979784802296143120e-02 1.200000000000000000e+01
2.994999999999999885e-01 4.818823750000000294e-01 1.567336060756683441e-02 2.400000000000000000e+01
3.004999999999999893e-01 4.291688999999999643e-01 1.385767443538512417e-02 3.000000000000000000e+01
3.024999999999999911e-01 4.373468333333332403e-01 1.318838200778751045e-02 3.600000000000000000e+01
3.034999999999999920e-01 4.158019166666666599e-01 1.785004461647014817e-02 1.200000000000000000e+01
3.044999999999999929e-01 4.714935238095238623e-01 1.625835837809484763e-02 2.100000000000000000e+01
3.054999999999999938e-01 4.527426666666667376e-01 1.876976562119909986e-02 1.200000000000000000e+01
3.064999999999999947e-01 4.400155555555555487e-01 1.762989794678907277e-02 9.000000000000000000e+00
3.074999999999999956e-01 4.750667499999999266e-01 2.771109740839672320e-02 1.200000000000000000e+01
3.084999999999999964e-01 4.985215000000000063e-01 2.724779888705496783e-02 1.200000000000000000e+01
3.094999999999999973e-01 4.593616999999999839e-01 1.514802451109881730e-02 3.000000000000000000e+01
3.114999999999999991e-01 4.644633333333333391e-01 1.787965729275909493e-02 3.000000000000000000e+01
3.125000000000000000e-01 5.043244444444444641e-01 2.459370125565554094e-02 1.800000000000000000e+01
3.135000000000000009e-01 4.510943333333333194e-01 2.592844609904557465e-02 6.000000000000000000e+00
3.145000000000000018e-01 4.841575128205127809e-01 1.509044106493378536e-02 3.900000000000000000e+01
3.155000000000000027e-01 4.979172000000000042e-01 2.162401697478325002e-02 1.500000000000000000e+01
3.165000000000000036e-01 5.112042916666666992e-01 1.351977884883112137e-02 2.400000000000000000e+01
3.175000000000000044e-01 4.798488666666665958e-01 1.308457664736487926e-02 3.000000000000000000e+01
3.195000000000000062e-01 5.058025925925926369e-01 1.595274507223662722e-02 2.700000000000000000e+01
3.205000000000000071e-01 5.058833999999998721e-01 1.813080064196340851e-02 3.000000000000000000e+01
3.215000000000000080e-01 5.092921333333333411e-01 2.011302395508387381e-02 1.500000000000000000e+01
3.225000000000000089e-01 5.519691111111111326e-01 1.909222080500976373e-02 1.800000000000000000e+01
3.235000000000000098e-01 5.018591666666666340e-01 1.956076068106036431e-02 1.200000000000000000e+01
3.255000000000000115e-01 5.085320000000000951e-01 1.431266768949846988e-02 3.900000000000000000e+01
3.265000000000000124e-01 5.453403846153845880e-01 2.514218096850504014e-02 1.300000000000000000e+01
3.275000000000000133e-01 4.855435833333332507e-01 1.603154226197281776e-02 3.600000000000000000e+01
3.285000000000000142e-01 5.009974999999999845e-01 2.067700463007691655e-02 1.800000000000000000e+01
3.295000000000000151e-01 5.700981666666665726e-01 3.418397536101270423e-02 1.200000000000000000e+01
3.305000000000000160e-01 5.075773888888889251e-01 1.950733976951395457e-02 1.800000000000000000e+01
3.315000000000000169e-01 5.433577333333332593e-01 1.634621058602348659e-02 4.500000000000000000e+01
3.335000000000000187e-01 5.485092999999999774e-01 1.835263713338685862e-02 3.000000000000000000e+01
3.355000000000000204e-01 5.637254999999999905e-01 2.030798234570456440e-02 3.000000000000000000e+01
3.365000000000000213e-01 5.725243333333333018e-01 3.958135281699239755e-02 1.200000000000000000e+01
3.375000000000000222e-01 5.494227999999999890e-01 1.643740981758574915e-02 3.000000000000000000e+01
3.385000000000000231e-01 5.565697666666667986e-01 1.488188700985142686e-02 3.000000000000000000e+01
3.395000000000000240e-01 5.902334444444443662e-01 2.490178116683351359e-02 9.000000000000000000e+00
3.405000000000000249e-01 5.774412333333334146e-01 2.125245809667663383e-02 3.000000000000000000e+01
3.415000000000000258e-01 5.560734000000000510e-01 1.417835781864610831e-02 3.000000000000000000e+01
3.425000000000000266e-01 5.704411111111111765e-01 3.802245909307508387e-02 9.000000000000000000e+00
3.435000000000000275e-01 5.618131388888888411e-01 1.959019523093010612e-02 3.600000000000000000e+01
3.445000000000000284e-01 5.615407083333333604e-01 1.853385849839942617e-02 2.400000000000000000e+01
3.455000000000000293e-01 6.461838888888888910e-01 2.489985394671826932e-02 9.000000000000000000e+00
3.465000000000000302e-01 5.732961818181817604e-01 1.651422807914748950e-02 3.300000000000000000e+01
3.475000000000000311e-01 5.510650740740741238e-01 2.347645384384979689e-02 2.700000000000000000e+01
3.485000000000000320e-01 5.383529999999999704e-01 2.623841286774377529e-02 1.200000000000000000e+01
3.495000000000000329e-01 5.399212857142856592e-01 2.210023280572733645e-02 2.100000000000000000e+01
3.505000000000000338e-01 5.092373333333333196e-01 2.887394947199137599e-02 6.000000000000000000e+00
3.515000000000000346e-01 6.354158444444444331e-01 1.849803737552770111e-02 4.500000000000000000e+01
3.524999999999999800e-01 6.256242222222222482e-01 3.868017993314526448e-02 9.000000000000000000e+00
3.534999999999999809e-01 5.708977083333333091e-01 1.963541675039980408e-02 2.400000000000000000e+01
3.544999999999999818e-01 5.672516666666668206e-01 2.056935895541232850e-02 1.800000000000000000e+01
3.554999999999999827e-01 5.422993333333333554e-01 4.137927030745923440e-02 6.000000000000000000e+00
3.564999999999999836e-01 6.102458148148147687e-01 1.127448907056492582e-02 5.400000000000000000e+01
3.574999999999999845e-01 5.824355238095237919e-01 2.057459817898656118e-02 2.100000000000000000e+01
3.584999999999999853e-01 5.615305000000000435e-01 1.948870111473966632e-02 3.000000000000000000e+01
3.594999999999999862e-01 6.282490476190476514e-01 2.226210291327652621e-02 2.100000000000000000e+01
3.604999999999999871e-01 5.851840714285714284e-01 1.408529480137250128e-02 4.200000000000000000e+01
3.614999999999999880e-01 6.488285000000000302e-01 4.046156793133604684e-02 1.200000000000000000e+01
3.624999999999999889e-01 6.181883548387097083e-01 2.604904513052123255e-02 3.100000000000000000e+01
3.634999999999999898e-01 5.975621000000000960e-01 2.565042636406412307e-02 3.000000000000000000e+01
3.654999999999999916e-01 6.195086060606059819e-01 2.037974906430714203e-02 3.300000000000000000e+01
3.664999999999999925e-01 6.213725476190476993e-01 1.494373716177722043e-02 4.200000000000000000e+01
3.674999999999999933e-01 6.071927499999999478e-01 2.666253473967391749e-02 1.200000000000000000e+01
3.684999999999999942e-01 6.075981000000001409e-01 1.771008311885256467e-02 3.000000000000000000e+01
3.694999999999999951e-01 6.558783333333332299e-01 3.821181671304193367e-02 6.000000000000000000e+00
3.704999999999999960e-01 6.078225333333332481e-01 3.240253872591535023e-02 1.500000000000000000e+01
3.714999999999999969e-01 6.101880833333332976e-01 1.491090436700513028e-02 6.000000000000000000e+01
3.724999999999999978e-01 6.255753888888889724e-01 3.012053297037103200e-02 1.800000000000000000e+01
3.734999999999999987e-01 6.044671111111111772e-01 2.855128776509083602e-02 1.800000000000000000e+01
3.744999999999999996e-01 7.282626666666666138e-01 4.105534238047197498e-02 6.000000000000000000e+00
3.755000000000000004e-01 6.492390714285714015e-01 1.664232619855008158e-02 4.200000000000000000e+01
3.765000000000000013e-01 6.289275555555555730e-01 2.684680046417715557e-02 2.700000000000000000e+01
3.775000000000000022e-01 6.194923333333333115e-01 2.574814183168708942e-02 3.000000000000000000e+01
3.785000000000000031e-01 6.272063636363636174e-01 2.192805798863785988e-02 3.300000000000000000e+01
3.795000000000000040e-01 6.394868222222221954e-01 1.745947388337145897e-02 4.500000000000000000e+01
3.805000000000000049e-01 6.202931666666666732e-01 3.560741541594299869e-02 1.200000000000000000e+01
3.815000000000000058e-01 6.778721666666666090e-01 3.156718059515489783e-02 1.800000000000000000e+01
3.825000000000000067e-01 6.614262777777777380e-01 1.932286803051709231e-02 3.600000000000000000e+01
3.835000000000000075e-01 6.623253333333333215e-01 7.243809827094517539e-02 6.000000000000000000e+00
3.845000000000000084e-01 6.129926666666666302e-01 3.225305113520515743e-02 1.500000000000000000e+01
3.855000000000000093e-01 6.827761333333333127e-01 1.578368603543711321e-02 4.500000000000000000e+01
3.865000000000000102e-01 6.693407037037037988e-01 1.732848084176621603e-02 5.400000000000000000e+01
3.875000000000000111e-01 6.439055555555556198e-01 1.508672203397061137e-02 2.700000000000000000e+01
3.885000000000000120e-01 6.418367999999999851e-01 2.191564588559637150e-02 1.500000000000000000e+01
3.895000000000000129e-01 6.999477999999998978e-01 2.524585786871494722e-02 3.000000000000000000e+01
3.905000000000000138e-01 6.621046666666666747e-01 3.474633349943512944e-02 1.500000000000000000e+01
3.915000000000000147e-01 6.491797222222221997e-01 1.755272143501609983e-02 5.400000000000000000e+01
3.925000000000000155e-01 5.724036666666666440e-01 3.022317999115542789e-02 3.000000000000000000e+00
3.935000000000000164e-01 7.137530370370369637e-01 2.082782974734232254e-02 2.700000000000000000e+01
3.945000000000000173e-01 6.639067222222222453e-01 1.415754335533227042e-02 3.600000000000000000e+01
3.955000000000000182e-01 7.128554848484848216e-01 2.337413313098968271e-02 3.300000000000000000e+01
3.965000000000000191e-01 7.104317777777777732e-01 4.699899733941665519e-02 9.000000000000000000e+00
3.975000000000000200e-01 6.965344444444443450e-01 2.938753043974156806e-02 3.600000000000000000e+01
3.985000000000000209e-01 6.727341666666666331e-01 2.246358866086025849e-02 3.000000000000000000e+01
3.995000000000000218e-01 6.659875263157895020e-01 1.957933974514859676e-02 1.900000000000000000e+01
4.005000000000000226e-01 7.058917407407407918e-01 1.963781493018342678e-02 5.400000000000000000e+01
4.025000000000000244e-01 6.912461587301587107e-01 1.673132006006957176e-02 6.300000000000000000e+01
4.035000000000000253e-01 7.224590333333333891e-01 2.349783695882750462e-02 3.000000000000000000e+01
4.045000000000000262e-01 6.727572222222222287e-01 2.734822263866204528e-02 1.800000000000000000e+01
4.055000000000000271e-01 6.416810714285714479e-01 1.428717762008042264e-02 4.200000000000000000e+01
4.065000000000000280e-01 6.785677619047618681e-01 2.040586322034651165e-02 4.200000000000000000e+01
4.075000000000000289e-01 6.712653333333332695e-01 1.991643841673761822e-02 3.300000000000000000e+01
4.085000000000000298e-01 6.583695666666665725e-01 2.097765774526395843e-02 3.000000000000000000e+01
4.095000000000000306e-01 6.966339166666665195e-01 4.313228150779356562e-02 1.200000000000000000e+01
4.105000000000000315e-01 7.526384000000000407e-01 3.911367746329737910e-02 1.500000000000000000e+01
4.115000000000000324e-01 6.738400303030303018e-01 2.021988329775377055e-02 3.300000000000000000e+01
4.125000000000000333e-01 7.486252083333333474e-01 2.579907686325813923e-02 2.400000000000000000e+01
4.135000000000000342e-01 6.798001166666668427e-01 1.584977028150007586e-02 6.000000000000000000e+01
4.145000000000000351e-01 7.565954000000000290e-01 4.153272186805873067e-02 1.500000000000000000e+01
4.155000000000000360e-01 7.417957499999999760e-01 2.252558129568539569e-02 3.600000000000000000e+01
4.164999999999999813e-01 7.210966969696970263e-01 2.478577849541999806e-02 3.300000000000000000e+01
4.174999999999999822e-01 7.195545476190475798e-01 1.757124062680719134e-02 4.200000000000000000e+01
4.184999999999999831e-01 7.104581666666667239e-01 6.368075234187940692e-02 6.000000000000000000e+00
4.194999999999999840e-01 6.986876250000001454e-01 1.691649865900112307e-02 4.800000000000000000e+01
4.204999999999999849e-01 7.367483333333332274e-01 2.794495125861947565e-02 2.400000000000000000e+01
4.214999999999999858e-01 6.827726250000001329e-01 2.305181126091268573e-02 2.400000000000000000e+01
4.224999999999999867e-01 7.276526666666667253e-01 2.407088322317484097e-02 2.400000000000000000e+01
4.234999999999999876e-01 7.297994583333333729e-01 3.022443487304356941e-02 2.400000000000000000e+01
4.244999999999999885e-01 6.943662142857142117e-01 1.993286010803689903e-02 4.200000000000000000e+01
4.254999999999999893e-01 6.968671250000001427e-01 2.632682599171867407e-02 2.400000000000000000e+01
4.264999999999999902e-01 6.376962666666666779e-01 1.828928977366628059e-02 3.000000000000000000e+01
4.274999999999999911e-01 7.179597777777778633e-01 3.385501414032402595e-02 1.800000000000000000e+01
4.284999999999999920e-01 7.459279722222222908e-01 2.817518822619866428e-02 3.600000000000000000e+01
4.294999999999999929e-01 7.483041250000000977e-01 2.523744427772793217e-02 2.400000000000000000e+01
4.304999999999999938e-01 7.697177333333333760e-01 2.342682104655477437e-02 1.500000000000000000e+01
4.314999999999999947e-01 7.191739019607842343e-01 1.867998324427713047e-02 5.100000000000000000e+01
4.324999999999999956e-01 7.328350555555555035e-01 2.130551693926055132e-02 3.600000000000000000e+01
4.334999999999999964e-01 7.268684074074074353e-01 2.691197436797428816e-02 2.700000000000000000e+01
4.344999999999999973e-01 7.210367222222222594e-01 3.942871956797443928e-02 1.800000000000000000e+01
4.354999999999999982e-01 7.172250454545454623e-01 2.919024481858906520e-02 2.200000000000000000e+01
4.364999999999999991e-01 7.258354999999999668e-01 1.891075336945332794e-02 4.200000000000000000e+01
4.375000000000000000e-01 7.029128000000001153e-01 2.145136014332472627e-02 3.000000000000000000e+01
4.385000000000000009e-01 6.926645833333333613e-01 2.394597071042475420e-02 1.200000000000000000e+01
4.395000000000000018e-01 7.454994871794872191e-01 2.152234665378422243e-02 3.900000000000000000e+01
4.405000000000000027e-01 7.244610416666666941e-01 2.949669737110344539e-02 2.400000000000000000e+01
4.415000000000000036e-01 6.663398333333332424e-01 3.339959266958870965e-02 6.000000000000000000e+00
4.425000000000000044e-01 7.036576428571428288e-01 1.988479334869028975e-02 4.200000000000000000e+01
4.435000000000000053e-01 7.278425416666666203e-01 2.025130201181735493e-02 2.400000000000000000e+01
4.445000000000000062e-01 7.666572424242424910e-01 2.629611020333263646e-02 3.300000000000000000e+01
4.455000000000000071e-01 7.352701904761905771e-01 2.554329857494255090e-02 2.100000000000000000e+01
4.465000000000000080e-01 7.449839333333333480e-01 3.142568020439981402e-02 1.500000000000000000e+01
4.475000000000000089e-01 7.416562857142858789e-01 2.096381623577507972e-02 2.100000000000000000e+01
4.485000000000000098e-01 7.715572549019608095e-01 1.959082660386289240e-02 5.100000000000000000e+01
4.495000000000000107e-01 7.495425000000000004e-01 2.035739408373925599e-02 4.200000000000000000e+01
4.505000000000000115e-01 6.652107499999999618e-01 2.005787816285245148e-02 1.200000000000000000e+01
4.515000000000000124e-01 7.659733333333332839e-01 3.679371131680048840e-02 1.800000000000000000e+01
4.525000000000000133e-01 7.336977222222222927e-01 2.772895186387897351e-02 1.800000000000000000e+01
4.535000000000000142e-01 7.509829444444443558e-01 2.245347370590609903e-02 3.600000000000000000e+01
4.545000000000000151e-01 7.257784166666666481e-01 2.789304950337134423e-02 2.400000000000000000e+01
4.555000000000000160e-01 7.621426666666666350e-01 1.953954725548081445e-02 3.900000000000000000e+01
4.565000000000000169e-01 7.663633333333332853e-01 6.661601250200036017e-02 9.000000000000000000e+00
4.575000000000000178e-01 7.130506666666666105e-01 2.149359919589712703e-02 3.000000000000000000e+01
4.595000000000000195e-01 7.596161538461537743e-01 2.379453939280410865e-02 3.900000000000000000e+01
4.605000000000000204e-01 7.343646666666666656e-01 3.252942138055898297e-02 2.100000000000000000e+01
4.615000000000000213e-01 7.361788541666666186e-01 1.622866542066795162e-02 4.800000000000000000e+01
4.625000000000000222e-01 7.703973333333333784e-01 3.848183122184895000e-02 1.200000000000000000e+01
4.635000000000000231e-01 7.707198333333332707e-01 2.385323381874428217e-02 3.000000000000000000e+01
4.645000000000000240e-01 7.791676190476188868e-01 3.059809885134292737e-02 2.100000000000000000e+01
4.655000000000000249e-01 7.585464523809524184e-01 2.188012064400665646e-02 4.200000000000000000e+01
4.665000000000000258e-01 7.678684999999999539e-01 3.001202106107301454e-02 2.400000000000000000e+01
4.675000000000000266e-01 7.716553333333333597e-01 3.376012308638819126e-02 1.200000000000000000e+01
4.685000000000000275e-01 8.113165555555554853e-01 2.698084525876217818e-02 1.800000000000000000e+01
4.695000000000000284e-01 7.610722499999998947e-01 5.501869517128135656e-02 1.200000000000000000e+01
4.705000000000000293e-01 7.275785555555555062e-01 2.539167501421668929e-02 1.800000000000000000e+01
4.715000000000000302e-01 7.826895135135135684e-01 2.239819756575575638e-02 3.700000000000000000e+01
4.725000000000000311e-01 7.783422857142857643e-01 2.230008493208634687e-02 4.200000000000000000e+01
4.735000000000000320e-01 6.595066666666666855e-01 6.341941288578582803e-02 3.000000000000000000e+00
4.745000000000000329e-01 7.921289666666665452e-01 3.002606369409800691e-02 3.000000000000000000e+01
4.755000000000000338e-01 7.741095714285715079e-01 3.214836455846041552e-02 2.100000000000000000e+01
4.765000000000000346e-01 7.724219333333334214e-01 2.117472122797854628e-02 3.000000000000000000e+01
4.775000000000000355e-01 7.124663333333333126e-01 1.933539545956527994e-02 6.000000000000000000e+00
4.785000000000000364e-01 7.644607916666666947e-01 2.168544762937781381e-02 4.800000000000000000e+01
4.795000000000000373e-01 7.849223333333332775e-01 3.588871180099559299e-02 2.100000000000000000e+01
4.804999999999999827e-01 9.116151666666666431e-01 9.180423138375000403e-02 6.000000000000000000e+00
4.814999999999999836e-01 8.434409333333333647e-01 4.641523298325840596e-02 1.500000000000000000e+01
4.824999999999999845e-01 8.197139285714285517e-01 2.173702059217440946e-02 4.200000000000000000e+01
4.834999999999999853e-01 7.622824242424242058e-01 2.817078619524154837e-02 3.300000000000000000e+01
4.844999999999999862e-01 8.120920000000000361e-01 2.636356457994842861e-02 9.000000000000000000e+00
4.854999999999999871e-01 9.150698888888888494e-01 5.220039167888506498e-02 9.000000000000000000e+00
4.864999999999999880e-01 7.553176666666667760e-01 3.094669418205094058e-02 1.800000000000000000e+01
4.874999999999999889e-01 8.082973749999999846e-01 3.939680687484842236e-02 2.400000000000000000e+01
4.884999999999999898e-01 8.347210370370370391e-01 2.845690404241884783e-02 2.700000000000000000e+01
4.894999999999999907e-01 8.432016250000001767e-01 2.428440661160123637e-02 2.400000000000000000e+01
4.904999999999999916e-01 8.286386296296295306e-01 2.939735176476018785e-02 2.700000000000000000e+01
4.914999999999999925e-01 7.750774666666668811e-01 4.195285941192596069e-02 1.500000000000000000e+01
4.924999999999999933e-01 8.774359000000000464e-01 3.245494767949820558e-02 3.000000000000000000e+01
4.934999999999999942e-01 8.290849166666666159e-01 4.691781985855343617e-02 1.200000000000000000e+01
4.944999999999999951e-01 8.460301666666666387e-01 2.877701582254084400e-02 3.000000000000000000e+01
4.964999999999999969e-01 8.211193809523810172e-01 2.254408073290411693e-02 4.200000000000000000e+01
4.974999999999999978e-01 8.648779166666664686e-01 6.512937355772813186e-02 1.200000000000000000e+01
4.984999999999999987e-01 8.968592380952381538e-01 3.621403852315686206e-02 2.100000000000000000e+01
4.994999999999999996e-01 8.379558749999999057e-01 2.971309070811497394e-02 2.400000000000000000e+01
5.004999999999999449e-01 9.250505555555554871e-01 4.986044153772024173e-02 9.000000000000000000e+00
5.015000000000000568e-01 8.102991249999998979e-01 2.606858759393068312e-02 2.400000000000000000e+01
5.024999999999999467e-01 9.398943333333332761e-01 1.570401221178134854e-01 3.000000000000000000e+00
5.035000000000000586e-01 8.369709629629630276e-01 2.988137729792160815e-02 2.700000000000000000e+01
5.044999999999999485e-01 8.498862916666666267e-01 3.334604084784839606e-02 2.400000000000000000e+01
5.055000000000000604e-01 8.201886666666666770e-01 3.728851073347707462e-02 1.500000000000000000e+01
5.064999999999999503e-01 8.953431111111110896e-01 3.046127860086715600e-02 3.600000000000000000e+01
5.075000000000000622e-01 7.959164999999999157e-01 4.532245108853030086e-02 1.000000000000000000e+01
5.084999999999999520e-01 8.360018333333333329e-01 2.526017340408789891e-02 2.400000000000000000e+01
5.104999999999999538e-01 8.303052499999999947e-01 2.099434767794486692e-02 4.800000000000000000e+01
5.115000000000000657e-01 8.538790833333332886e-01 3.781710665752125583e-02 1.200000000000000000e+01
5.124999999999999556e-01 1.044415333333333251e+00 6.357363053691714172e-02 6.000000000000000000e+00
5.135000000000000675e-01 8.803497083333332585e-01 2.475158353618688717e-02 2.400000000000000000e+01
5.144999999999999574e-01 8.212401666666666600e-01 5.720827228377418916e-02 6.000000000000000000e+00
5.155000000000000693e-01 9.010452916666666923e-01 2.775289105102641748e-02 2.400000000000000000e+01
5.164999999999999591e-01 8.730430000000000135e-01 6.830526603076320091e-02 6.000000000000000000e+00
5.175000000000000711e-01 8.765404166666667107e-01 3.385381023617495960e-02 1.200000000000000000e+01
5.184999999999999609e-01 8.204322564102566329e-01 2.002495525587059261e-02 3.900000000000000000e+01
5.195000000000000728e-01 8.930960000000000010e-01 5.876246913010605560e-02 6.000000000000000000e+00
5.204999999999999627e-01 8.235267619047617060e-01 2.940012064235894909e-02 2.100000000000000000e+01
5.215000000000000746e-01 9.276635185185184707e-01 2.917488047128686743e-02 2.700000000000000000e+01
5.224999999999999645e-01 8.785592499999999028e-01 2.887337472511735184e-02 1.200000000000000000e+01
5.235000000000000764e-01 8.712104999999999988e-01 5.217012171716041424e-02 6.000000000000000000e+00
5.244999999999999662e-01 8.780587083333332155e-01 3.420324104618348987e-02 2.400000000000000000e+01
5.255000000000000782e-01 8.839850666666665413e-01 2.994750743286035341e-02 3.000000000000000000e+01
5.264999999999999680e-01 8.671166666666666467e-01 5.344259000943598487e-02 9.000000000000000000e+00
5.275000000000000799e-01 8.948955833333332999e-01 5.251622142418103933e-02 1.200000000000000000e+01
5.284999999999999698e-01 1.020390666666666668e+00 6.918701151259855353e-02 6.000000000000000000e+00
5.295000000000000817e-01 8.501573333333332094e-01 6.306953837358068859e-02 1.200000000000000000e+01
5.304999999999999716e-01 9.308390666666667146e-01 5.009911959985558633e-02 1.500000000000000000e+01
5.315000000000000835e-01 8.683789166666667780e-01 4.172398519100334324e-02 1.200000000000000000e+01
5.324999999999999734e-01 7.712936666666667662e-01 4.132683919816648732e-02 3.000000000000000000e+00
5.335000000000000853e-01 9.038094285714286524e-01 2.488917266030454822e-02 4.200000000000000000e+01
5.344999999999999751e-01 9.222179999999998712e-01 5.693341058548344324e-02 1.500000000000000000e+01
5.355000000000000870e-01 8.407565555555556180e-01 3.031289111322071905e-02 1.800000000000000000e+01
5.364999999999999769e-01 9.149679999999998925e-01 4.920130982843173850e-02 1.200000000000000000e+01
5.375000000000000888e-01 9.151387333333335095e-01 4.229114424765393482e-02 1.500000000000000000e+01
5.384999999999999787e-01 9.308857999999999855e-01 5.810499687275489517e-02 1.500000000000000000e+01
5.395000000000000906e-01 9.202344444444445770e-01 3.956195855066074046e-02 9.000000000000000000e+00
5.404999999999999805e-01 9.035216666666666674e-01 3.935194652030822582e-02 2.400000000000000000e+01
5.424999999999999822e-01 1.043731499999999812e+00 8.263162866390812156e-02 6.000000000000000000e+00
5.435000000000000941e-01 9.363204444444443997e-01 3.808420033882201072e-02 9.000000000000000000e+00
5.444999999999999840e-01 8.831486842105263912e-01 4.720483909603101491e-02 1.900000000000000000e+01
5.455000000000000959e-01 8.870901111111110238e-01 3.459189940516117778e-02 9.000000000000000000e+00
5.464999999999999858e-01 9.164607222222220795e-01 2.281757849992054055e-02 1.800000000000000000e+01
5.475000000000000977e-01 9.671052222222221717e-01 7.600135573987730486e-02 9.000000000000000000e+00
5.484999999999999876e-01 9.370276249999999196e-01 3.073639170935512852e-02 2.400000000000000000e+01
5.495000000000000995e-01 9.700611666666666411e-01 3.402209952361991141e-02 1.800000000000000000e+01
5.515000000000001013e-01 9.411032222222223131e-01 3.857838386054051466e-02 1.800000000000000000e+01
5.524999999999999911e-01 8.960033333333333738e-01 4.928997292328102936e-02 3.000000000000000000e+00
5.535000000000001030e-01 9.109144999999999603e-01 3.359181865694937930e-02 1.800000000000000000e+01
5.544999999999999929e-01 9.197026666666666683e-01 4.010288720458653894e-02 1.800000000000000000e+01
5.564999999999999947e-01 9.729937777777778463e-01 5.744281115687965150e-02 9.000000000000000000e+00
5.575000000000001066e-01 8.153903333333333281e-01 9.982072182390012982e-02 3.000000000000000000e+00
5.584999999999999964e-01 9.672981333333333653e-01 4.830597397127001091e-02 1.500000000000000000e+01
5.595000000000001084e-01 9.251520000000000854e-01 4.000529589451680412e-02 1.800000000000000000e+01
5.604999999999999982e-01 1.034051444444444412e+00 6.778029515671103733e-02 9.000000000000000000e+00
5.615000000000001101e-01 9.820994999999999031e-01 6.489954951859577825e-02 6.000000000000000000e+00
5.625000000000000000e-01 9.470440833333332309e-01 5.711008919495249442e-02 1.200000000000000000e+01
5.635000000000001119e-01 9.815542222222222168e-01 7.272386591048395077e-02 9.000000000000000000e+00
5.645000000000000018e-01 9.411177777777778308e-01 3.211490980222329178e-02 9.000000000000000000e+00
5.655000000000001137e-01 9.447569999999999579e-01 4.422863755249532153e-02 9.000000000000000000e+00
5.665000000000000036e-01 8.372636666666666283e-01 3.748359869033091735e-02 9.000000000000000000e+00
5.675000000000001155e-01 9.426035000000001496e-01 5.048829635060352039e-02 1.200000000000000000e+01
5.685000000000000053e-01 9.149045000000000094e-01 5.792044340724978452e-02 1.200000000000000000e+01
5.695000000000001172e-01 8.332033333333334069e-01 6.360208071631340276e-02 3.000000000000000000e+00
5.705000000000000071e-01 9.252500000000001279e-01 4.582815419004640511e-02 6.000000000000000000e+00
5.715000000000001190e-01 9.105916666666667991e-01 4.853353509390297832e-02 6.000000000000000000e+00
5.725000000000000089e-01 9.194909999999999473e-01 3.839600439354189793e-02 9.000000000000000000e+00
5.735000000000001208e-01 1.016285666666666643e+00 4.619787906606335343e-02 1.800000000000000000e+01
5.745000000000000107e-01 8.789769999999998973e-01 1.254109117780426164e-01 3.000000000000000000e+00
5.755000000000001226e-01 1.062663333333333293e+00 4.562121598238163406e-02 6.000000000000000000e+00
5.765000000000000124e-01 9.106403333333334960e-01 5.826049330521212988e-02 9.000000000000000000e+00
5.774999999999999023e-01 1.047221333333333115e+00 9.730514809802090492e-02 6.000000000000000000e+00
5.794999999999999041e-01 8.536065000000001568e-01 6.008117257663447841e-02 6.000000000000000000e+00
5.805000000000000160e-01 1.070085999999999871e+00 9.563739841714639922e-02 4.000000000000000000e+00
5.814999999999999059e-01 1.014939599999999720e+00 4.160575301472026200e-02 1.500000000000000000e+01
5.825000000000000178e-01 9.718615000000000448e-01 5.977608496979928965e-02 6.000000000000000000e+00
5.834999999999999076e-01 1.150001999999999969e+00 6.746114503425904019e-02 6.000000000000000000e+00
5.854999999999999094e-01 9.828224166666665873e-01 6.844803962899448369e-02 1.200000000000000000e+01
5.865000000000000213e-01 9.734536666666667726e-01 7.467475516427521387e-02 6.000000000000000000e+00
5.874999999999999112e-01 9.208278888888890013e-01 6.509691789180456489e-02 9.000000000000000000e+00
5.894999999999999130e-01 8.170236666666667036e-01 6.311659025785359978e-02 3.000000000000000000e+00
5.905000000000000249e-01 9.849925000000000486e-01 5.558617107503747296e-02 6.000000000000000000e+00
5.925000000000000266e-01 1.264650000000000052e+00 5.914591307379853113e-02 3.000000000000000000e+00
5.934999999999999165e-01 9.628811666666666769e-01 9.115779977943619383e-02 6.000000000000000000e+00
5.945000000000000284e-01 1.066610000000000058e+00 4.335931861972310702e-02 1.200000000000000000e+01
5.954999999999999183e-01 8.388798333333333801e-01 7.449432190908543416e-02 6.000000000000000000e+00
5.965000000000000302e-01 8.867406666666667325e-01 3.869270303443674008e-02 3.000000000000000000e+00
5.974999999999999201e-01 9.594033333333333857e-01 8.558198193843791213e-02 6.000000000000000000e+00
5.985000000000000320e-01 1.118193333333333372e+00 4.409719731582848606e-02 3.000000000000000000e+00
5.994999999999999218e-01 8.710219999999999629e-01 7.040738977881987049e-02 6.000000000000000000e+00
