0.000000 nan
0.500000 0.000000
1.000000 0.000000
1.500000 0.000000
2.000000 0.000000
2.500000 0.000000
3.000000 0.000000
3.500000 0.002139
4.000000 0.003275
4.500000 0.009056
5.000000 0.009431
5.500000 0.019053
6.000000 0.042208
6.500000 0.093632
7.000000 0.163606
7.500000 0.263148
8.000000 0.392156
8.500000 0.534120
9.000000 0.699916
9.500000 0.831670
10.000000 1.043480
10.500000 1.143460
11.000000 1.250159
11.500000 1.286443
12.000000 1.262797
12.500000 1.244778
13.000000 1.242329
13.500000 1.175727
14.000000 1.124123
14.500000 1.067746
15.000000 1.058530
15.500000 1.004751
16.000000 0.971488
16.500000 0.957479
17.000000 0.955197
17.500000 0.939804
18.000000 0.917185
18.500000 0.938318
19.000000 0.950398
19.500000 0.952166
20.000000 0.963706
20.500000 0.985968
21.000000 0.976646
21.500000 0.987971
22.000000 0.991477
22.500000 0.997478
23.000000 1.001084
23.500000 1.002677
24.000000 1.002769
24.500000 1.010879
25.000000 1.014106
25.500000 1.004421
26.000000 1.003172
26.500000 1.005740
27.000000 0.995573
27.500000 0.992506
28.000000 0.997943
28.500000 0.986038
29.000000 0.981394
29.500000 0.979687
30.000000 0.982467
30.500000 0.993157
31.000000 0.983188
31.500000 0.992039
32.000000 0.982310
32.500000 0.978088
33.000000 0.983677
33.500000 0.996202
34.000000 0.988874
34.500000 0.997133
35.000000 0.994789
35.500000 0.998000
36.000000 0.993799
36.500000 0.992145
37.000000 0.987423
37.500000 0.994242
38.000000 0.994340
38.500000 0.988812
39.000000 0.993935
39.500000 0.988577
40.000000 0.993932
40.500000 0.994778
41.000000 0.996160
41.500000 0.986555
42.000000 0.985230
42.500000 0.994645
43.000000 0.981283
43.500000 0.992318
44.000000 0.986457
44.500000 0.984060
45.000000 0.981332
45.500000 0.990013
46.000000 0.990275
46.500000 0.992344
47.000000 0.992809
47.500000 0.987740
48.000000 0.989965
48.500000 0.994830
49.000000 0.991685
49.500000 0.995917
50.000000 0.988663
50.500000 0.997484
51.000000 0.995628
51.500000 0.990129
52.000000 0.989540
52.500000 0.989059
53.000000 0.998232
53.500000 0.993519
54.000000 0.992653
54.500000 0.986289
55.000000 0.991138
55.500000 0.989588
56.000000 0.992488
56.500000 0.994737
57.000000 0.994674
57.500000 0.989345
58.000000 0.993209
58.500000 0.990511
59.000000 0.996011
59.500000 0.993624
60.000000 0.993347
60.500000 0.991218
61.000000 0.992756
61.500000 0.996704
62.000000 0.991237
62.500000 0.991463
63.000000 0.994903
63.500000 0.992610
64.000000 0.994399
64.500000 0.991649
65.000000 0.987253
65.500000 0.994154
66.000000 0.994112
66.500000 0.998627
67.000000 0.993512
67.500000 0.991883
68.000000 0.991390
68.500000 0.993078
69.000000 0.990854
69.500000 0.991212
70.000000 0.993120
70.500000 0.994275
71.000000 0.992689
71.500000 0.991050
72.000000 0.994405
72.500000 0.994139
73.000000 0.993580
73.500000 0.993299
74.000000 0.994781
74.500000 0.991093
75.000000 0.993274
75.500000 0.993816
76.000000 0.989618
76.500000 0.992795
77.000000 0.991578
77.500000 0.996311
78.000000 0.994753
78.500000 0.992253
79.000000 0.990613
79.500000 0.990839
80.000000 0.992135
80.500000 0.994783
81.000000 0.993800
81.500000 0.993741
82.000000 0.993698
82.500000 0.993383
83.000000 0.986984
83.500000 0.993206
84.000000 0.990551
84.500000 0.994464
85.000000 0.993579
85.500000 0.992726
86.000000 0.994726
86.500000 0.994513
87.000000 0.992290
87.500000 0.992257
88.000000 0.991247
88.500000 0.991588
89.000000 0.992312
89.500000 0.992903
90.000000 0.995573
90.500000 0.996268
91.000000 0.994480
91.500000 0.993451
92.000000 0.990882
92.500000 0.995131
93.000000 0.993541
93.500000 0.995044
94.000000 0.994636
94.500000 0.990939
95.000000 0.992550
95.500000 0.993872
96.000000 0.993894
96.500000 0.993963
97.000000 0.992895
97.500000 0.994761
98.000000 0.994525
98.500000 0.990962
99.000000 0.995687
99.500000 0.993874
100.000000 0.995762
100.500000 0.996415
101.000000 0.993272
101.500000 0.992230
102.000000 0.990702
102.500000 0.991968
103.000000 0.993549
103.500000 0.993420
104.000000 0.991637
104.500000 0.993154
105.000000 0.993470
105.500000 0.990442
106.000000 0.993907
106.500000 0.990690
107.000000 0.994050
107.500000 0.991612
108.000000 0.990618
108.500000 0.993869
109.000000 0.989967
109.500000 0.990353
110.000000 0.989356
110.500000 0.992002
111.000000 0.992354
111.500000 0.992466
112.000000 0.991611
112.500000 0.990624
113.000000 0.993050
113.500000 0.992341
114.000000 0.989784
114.500000 0.992503
115.000000 0.991662
115.500000 0.991426
116.000000 0.990594
116.500000 0.990768
117.000000 0.994148
117.500000 0.992380
118.000000 0.991672
118.500000 0.992045
119.000000 0.989558
119.500000 0.990889
120.000000 0.989926
120.500000 0.991269
121.000000 0.991393
121.500000 0.991005
122.000000 0.991404
122.500000 0.991184
123.000000 0.993736
123.500000 0.992711
124.000000 0.992698
124.500000 0.992991
