0.000000 nan
0.500000 0.000000
1.000000 0.000000
1.500000 0.000000
2.000000 0.000000
2.500000 0.000000
3.000000 0.000000
3.500000 0.000000
4.000000 0.000819
4.500000 0.000000
5.000000 0.000000
5.500000 0.000000
6.000000 0.000364
6.500000 0.000620
7.000000 0.001337
7.500000 0.001863
8.000000 0.003479
8.500000 0.006890
9.000000 0.009865
9.500000 0.018723
10.000000 0.030914
10.500000 0.040278
11.000000 0.061274
11.500000 0.078050
12.000000 0.101791
12.500000 0.119716
13.000000 0.147579
13.500000 0.161143
14.000000 0.188601
14.500000 0.199058
15.000000 0.217912
15.500000 0.225726
16.000000 0.253080
16.500000 0.281710
17.000000 0.300012
17.500000 0.329051
18.000000 0.355942
18.500000 0.384038
19.000000 0.421387
19.500000 0.451521
20.000000 0.491153
20.500000 0.528081
21.000000 0.573958
21.500000 0.602094
22.000000 0.643348
22.500000 0.677276
23.000000 0.706786
23.500000 0.742520
24.000000 0.761412
24.500000 0.792934
25.000000 0.818059
25.500000 0.834721
26.000000 0.859139
26.500000 0.889587
27.000000 0.901273
27.500000 0.926789
28.000000 0.944494
28.500000 0.957542
29.000000 0.986675
29.500000 1.006826
30.000000 1.018068
30.500000 1.037809
31.000000 1.055335
31.500000 1.075736
32.000000 1.088267
32.500000 1.105688
33.000000 1.107512
33.500000 1.117675
34.000000 1.126676
34.500000 1.143901
35.000000 1.141136
35.500000 1.147114
36.000000 1.153020
36.500000 1.162717
37.000000 1.160009
37.500000 1.162340
38.000000 1.166516
38.500000 1.164428
39.000000 1.164156
39.500000 1.159309
40.000000 1.162150
40.500000 1.153550
41.000000 1.152548
41.500000 1.153100
42.000000 1.143274
42.500000 1.143843
43.000000 1.140698
43.500000 1.134645
44.000000 1.132693
44.500000 1.121201
45.000000 1.110499
45.500000 1.111486
46.000000 1.104379
46.500000 1.096447
47.000000 1.087949
47.500000 1.084022
48.000000 1.080193
48.500000 1.071880
49.000000 1.066314
49.500000 1.059572
50.000000 1.055123
50.500000 1.043470
51.000000 1.040541
51.500000 1.033300
52.000000 1.028164
52.500000 1.024599
53.000000 1.015501
53.500000 1.017514
54.000000 1.006597
54.500000 1.001213
55.000000 0.994147
55.500000 0.998233
56.000000 0.992596
56.500000 0.987022
57.000000 0.986071
57.500000 0.982003
58.000000 0.982672
58.500000 0.980230
59.000000 0.970641
59.500000 0.973277
60.000000 0.969750
60.500000 0.971627
61.000000 0.968240
61.500000 0.970518
62.000000 0.966953
62.500000 0.963103
63.000000 0.962253
63.500000 0.961206
64.000000 0.963019
64.500000 0.962432
65.000000 0.961492
65.500000 0.961289
66.000000 0.962034
66.500000 0.965019
67.000000 0.963838
67.500000 0.963501
68.000000 0.962772
68.500000 0.966163
69.000000 0.964229
69.500000 0.962395
70.000000 0.965120
70.500000 0.969706
71.000000 0.970157
71.500000 0.969722
72.000000 0.969910
72.500000 0.973970
73.000000 0.973776
73.500000 0.971568
74.000000 0.975666
74.500000 0.978710
75.000000 0.979746
75.500000 0.982027
76.000000 0.979127
76.500000 0.983294
77.000000 0.982999
77.500000 0.984301
78.000000 0.986051
78.500000 0.985914
79.000000 0.989228
79.500000 0.988260
80.000000 0.988197
80.500000 0.989740
81.000000 0.993565
81.500000 0.992005
82.000000 0.993361
82.500000 0.994384
83.000000 0.994332
83.500000 0.992807
84.000000 0.995196
84.500000 0.996862
85.000000 0.996688
85.500000 0.996777
86.000000 0.998955
86.500000 0.999348
87.000000 0.995056
87.500000 0.997573
88.000000 0.997897
88.500000 1.000085
89.000000 0.997303
89.500000 0.997817
90.000000 0.999313
90.500000 0.996377
91.000000 0.997717
91.500000 0.996197
92.000000 0.996993
92.500000 0.995066
93.000000 0.995554
93.500000 0.997008
94.000000 0.996548
94.500000 0.994698
95.000000 0.992565
95.500000 0.994835
96.000000 0.994288
96.500000 0.994869
97.000000 0.989995
97.500000 0.991084
98.000000 0.994004
98.500000 0.993604
99.000000 0.990325
99.500000 0.989791
100.000000 0.989548
100.500000 0.990995
101.000000 0.989983
101.500000 0.988920
102.000000 0.987589
102.500000 0.990249
103.000000 0.990446
103.500000 0.990608
104.000000 0.988019
104.500000 0.987307
105.000000 0.989150
105.500000 0.988485
106.000000 0.988118
106.500000 0.989884
107.000000 0.986619
107.500000 0.988009
108.000000 0.991347
108.500000 0.988693
109.000000 0.990343
109.500000 0.989428
110.000000 0.990604
110.500000 0.989641
111.000000 0.991220
111.500000 0.990334
112.000000 0.989400
112.500000 0.991693
113.000000 0.991891
113.500000 0.990869
114.000000 0.993600
114.500000 0.992628
115.000000 0.992600
115.500000 0.995253
116.000000 0.993303
116.500000 0.994916
117.000000 0.993692
117.500000 0.993623
118.000000 0.994260
118.500000 0.994351
119.000000 0.994175
119.500000 0.993281
120.000000 0.993358
120.500000 0.996030
121.000000 0.996769
121.500000 0.996858
122.000000 0.994211
122.500000 0.996206
123.000000 0.996532
123.500000 0.995740
124.000000 0.996862
124.500000 0.995513
