0.000000 nan
0.500000 0.000000
1.000000 0.000000
1.500000 0.000000
2.000000 0.000000
2.500000 0.000000
3.000000 0.000000
3.500000 0.000000
4.000000 0.000000
4.500000 0.000000
5.000000 0.000524
5.500000 0.000433
6.000000 0.001455
6.500000 0.000620
7.000000 0.002673
7.500000 0.003493
8.000000 0.006959
8.500000 0.012691
9.000000 0.014555
9.500000 0.019304
10.000000 0.026198
10.500000 0.040634
11.000000 0.050340
11.500000 0.062698
12.000000 0.069680
12.500000 0.075200
13.000000 0.095957
13.500000 0.109537
14.000000 0.123105
14.500000 0.133577
15.000000 0.144324
15.500000 0.162697
16.000000 0.178425
16.500000 0.193709
17.000000 0.224680
17.500000 0.247398
18.000000 0.273951
18.500000 0.312505
19.000000 0.337022
19.500000 0.378386
20.000000 0.412198
20.500000 0.455237
21.000000 0.488739
21.500000 0.532638
22.000000 0.569679
22.500000 0.598513
23.000000 0.630816
23.500000 0.672760
24.000000 0.711494
24.500000 0.734187
25.000000 0.777106
25.500000 0.805249
26.000000 0.844451
26.500000 0.879570
27.000000 0.901417
27.500000 0.933891
28.000000 0.961586
28.500000 0.983377
29.000000 1.013418
29.500000 1.044427
30.000000 1.057744
30.500000 1.083546
31.000000 1.111112
31.500000 1.126021
32.000000 1.141086
32.500000 1.163566
33.000000 1.166247
33.500000 1.179527
34.000000 1.188070
34.500000 1.195747
35.000000 1.197521
35.500000 1.200343
36.000000 1.201030
36.500000 1.205409
37.000000 1.205956
37.500000 1.203866
38.000000 1.200751
38.500000 1.206838
39.000000 1.202196
39.500000 1.194680
40.000000 1.191959
40.500000 1.180639
41.000000 1.179003
41.500000 1.170510
42.000000 1.163242
42.500000 1.159820
43.000000 1.151091
43.500000 1.145832
44.000000 1.137368
44.500000 1.133048
45.000000 1.124821
45.500000 1.114535
46.000000 1.111207
46.500000 1.097289
47.000000 1.090516
47.500000 1.083854
48.000000 1.075849
48.500000 1.069440
49.000000 1.060433
49.500000 1.056514
50.000000 1.046440
50.500000 1.041570
51.000000 1.035912
51.500000 1.027457
52.000000 1.018335
52.500000 1.015493
53.000000 1.011057
53.500000 1.005152
54.000000 1.003753
54.500000 0.994646
55.000000 0.990449
55.500000 0.988218
56.000000 0.982714
56.500000 0.978557
57.000000 0.976281
57.500000 0.972530
58.000000 0.972138
58.500000 0.964196
59.000000 0.963897
59.500000 0.963383
60.000000 0.959853
60.500000 0.962094
61.000000 0.958056
61.500000 0.956924
62.000000 0.952188
62.500000 0.956631
63.000000 0.953781
63.500000 0.952379
64.000000 0.954049
64.500000 0.954214
65.000000 0.952907
65.500000 0.953592
66.000000 0.953407
66.500000 0.955167
67.000000 0.954299
67.500000 0.957668
68.000000 0.954868
68.500000 0.957375
69.000000 0.958540
69.500000 0.959217
70.000000 0.963872
70.500000 0.960356
71.000000 0.965355
71.500000 0.967759
72.000000 0.966630
72.500000 0.966075
73.000000 0.973323
73.500000 0.970902
74.000000 0.972475
74.500000 0.976571
75.000000 0.978386
75.500000 0.979653
76.000000 0.981327
76.500000 0.982436
77.000000 0.982862
77.500000 0.983213
78.000000 0.983446
78.500000 0.987872
79.000000 0.986854
79.500000 0.991964
80.000000 0.991951
80.500000 0.993063
81.000000 0.992393
81.500000 0.994861
82.000000 0.995531
82.500000 0.996615
83.000000 0.995170
83.500000 0.996430
84.000000 0.998002
84.500000 0.999245
85.000000 0.999169
85.500000 0.999012
86.000000 0.999577
86.500000 0.999301
87.000000 1.000788
87.500000 1.000485
88.000000 1.000084
88.500000 1.001239
89.000000 0.999447
89.500000 1.001519
90.000000 1.000106
90.500000 0.999251
91.000000 0.999585
91.500000 1.000971
92.000000 1.000406
92.500000 0.997183
93.000000 0.997668
93.500000 0.997419
94.000000 0.998265
94.500000 0.996716
95.000000 0.998012
95.500000 0.998273
96.000000 0.996288
96.500000 0.996367
97.000000 0.997219
97.500000 0.995219
98.000000 0.993228
98.500000 0.994523
99.000000 0.992787
99.500000 0.993899
100.000000 0.992683
100.500000 0.993496
101.000000 0.993090
101.500000 0.991485
102.000000 0.992330
102.500000 0.990303
103.000000 0.991479
103.500000 0.990446
104.000000 0.990400
104.500000 0.990487
105.000000 0.990046
105.500000 0.992435
106.000000 0.989999
106.500000 0.987717
107.000000 0.986138
107.500000 0.988949
108.000000 0.988828
108.500000 0.989781
109.000000 0.989163
109.500000 0.990419
110.000000 0.988840
110.500000 0.990292
111.000000 0.989670
111.500000 0.988068
112.000000 0.991042
112.500000 0.990240
113.000000 0.991105
113.500000 0.991416
114.000000 0.991693
114.500000 0.992069
115.000000 0.990890
115.500000 0.990912
116.000000 0.992463
116.500000 0.994232
117.000000 0.993934
117.500000 0.992694
118.000000 0.994152
118.500000 0.994071
119.000000 0.993929
119.500000 0.994425
120.000000 0.994980
120.500000 0.994776
121.000000 0.995333
121.500000 0.994294
122.000000 0.993615
122.500000 0.995507
123.000000 0.993774
123.500000 0.996588
124.000000 0.994574
124.500000 0.994255
