0.000000 nan
0.500000 0.000000
1.000000 0.000000
1.500000 0.000000
2.000000 0.000000
2.500000 0.004192
3.000000 0.000000
3.500000 0.000000
4.000000 0.001637
4.500000 0.003881
5.000000 0.006288
5.500000 0.019053
6.000000 0.029837
6.500000 0.049606
7.000000 0.093031
7.500000 0.156491
8.000000 0.231282
8.500000 0.331423
9.000000 0.484831
9.500000 0.614536
10.000000 0.792500
10.500000 0.929833
11.000000 1.045552
11.500000 1.150152
12.000000 1.176015
12.500000 1.211076
13.000000 1.206984
13.500000 1.181765
14.000000 1.160346
14.500000 1.098274
15.000000 1.095906
15.500000 1.040410
16.000000 0.998300
16.500000 0.990774
17.000000 0.968704
17.500000 0.940403
18.000000 0.961981
18.500000 0.976821
19.000000 0.978846
19.500000 0.972698
20.000000 1.002349
20.500000 0.989334
21.000000 0.991913
21.500000 1.007014
22.000000 1.010964
22.500000 1.021852
23.000000 1.008017
23.500000 0.993141
24.000000 0.997356
24.500000 0.984211
25.000000 0.983297
25.500000 0.975372
26.000000 0.972245
26.500000 0.976268
27.000000 0.969518
27.500000 0.965554
28.000000 0.968336
28.500000 0.969040
29.000000 0.965227
29.500000 0.972522
30.000000 0.974433
30.500000 0.973641
31.000000 0.975527
31.500000 0.980817
32.000000 0.989704
32.500000 0.986571
33.000000 0.993011
33.500000 0.993635
34.000000 0.998302
34.500000 0.999928
35.000000 0.998531
35.500000 0.991743
36.000000 0.999135
36.500000 1.010826
37.000000 0.998503
37.500000 1.001340
38.000000 1.007747
38.500000 1.001520
39.000000 0.994211
39.500000 1.000079
40.000000 0.999057
40.500000 0.995833
41.000000 0.994368
41.500000 0.987254
42.000000 0.992329
42.500000 0.989032
43.000000 0.987277
43.500000 0.985022
44.000000 0.987594
44.500000 0.994472
45.000000 0.992044
45.500000 0.985141
46.000000 0.981398
46.500000 0.983512
47.000000 0.984626
47.500000 0.986567
48.000000 0.988112
48.500000 0.979438
49.000000 0.984320
49.500000 0.981889
50.000000 0.979577
50.500000 0.977051
51.000000 0.978827
51.500000 0.976646
52.000000 0.980103
52.500000 0.971931
53.000000 0.984233
53.500000 0.978105
54.000000 0.984010
54.500000 0.976437
55.000000 0.978623
55.500000 0.976940
56.000000 0.979898
56.500000 0.978052
57.000000 0.975217
57.500000 0.979020
58.000000 0.980063
58.500000 0.977857
59.000000 0.982698
59.500000 0.976064
60.000000 0.979112
60.500000 0.984912
61.000000 0.985532
61.500000 0.987298
62.000000 0.985696
62.500000 0.981061
63.000000 0.979979
63.500000 0.982267
64.000000 0.984920
64.500000 0.982826
65.000000 0.980345
65.500000 0.984890
66.000000 0.983869
66.500000 0.982205
67.000000 0.985470
67.500000 0.984816
68.000000 0.988325
68.500000 0.988248
69.000000 0.988587
69.500000 0.986851
70.000000 0.988186
70.500000 0.990132
71.000000 0.991000
71.500000 0.995581
72.000000 0.992439
72.500000 0.992813
73.000000 0.991206
73.500000 0.996451
74.000000 0.996370
74.500000 0.998206
75.000000 0.998187
75.500000 0.996063
76.000000 0.998082
76.500000 0.996085
77.000000 0.996911
77.500000 0.997035
78.000000 1.000648
78.500000 0.999272
79.000000 0.995441
79.500000 0.995979
80.000000 0.998967
80.500000 1.001409
81.000000 1.000069
81.500000 0.997523
82.000000 0.999687
82.500000 0.997918
83.000000 0.998473
83.500000 1.000882
84.000000 1.001021
84.500000 1.003017
85.000000 0.999758
85.500000 0.996069
86.000000 0.999278
86.500000 1.000000
87.000000 0.999476
87.500000 0.998998
88.000000 0.999539
88.500000 0.999385
89.000000 0.998745
89.500000 0.999934
90.000000 1.000625
90.500000 1.000446
91.000000 0.996546
91.500000 0.996953
92.000000 0.997577
92.500000 0.997612
93.000000 0.995846
93.500000 0.995242
94.000000 0.996394
94.500000 0.998575
95.000000 0.991357
95.500000 0.994502
96.000000 0.995222
96.500000 0.996608
97.000000 0.993042
97.500000 0.996109
98.000000 0.995393
98.500000 0.994693
99.000000 0.994155
99.500000 0.994811
100.000000 0.995385
100.500000 0.993121
101.000000 0.993269
101.500000 0.991449
102.000000 0.992954
102.500000 0.993975
103.000000 0.992732
103.500000 0.995705
104.000000 0.992035
104.500000 0.993557
105.000000 0.997621
105.500000 0.993130
106.000000 0.994658
106.500000 0.995929
107.000000 0.994466
107.500000 0.994849
108.000000 0.994156
108.500000 0.991457
109.000000 0.991500
109.500000 0.991059
110.000000 0.992967
110.500000 0.993214
111.000000 0.991480
111.500000 0.992556
112.000000 0.990387
112.500000 0.990216
113.000000 0.992055
113.500000 0.991518
114.000000 0.989693
114.500000 0.990636
115.000000 0.991934
115.500000 0.990799
116.000000 0.989052
116.500000 0.989174
117.000000 0.990584
117.500000 0.990267
118.000000 0.989605
118.500000 0.988430
119.000000 0.989648
119.500000 0.989515
120.000000 0.988393
120.500000 0.990899
121.000000 0.989203
121.500000 0.988223
122.000000 0.990355
122.500000 0.989455
123.000000 0.989719
123.500000 0.989904
124.000000 0.987614
124.500000 0.989739
