0.000000 nan
0.500000 0.000000
1.000000 0.000000
1.500000 0.000000
2.000000 0.000000
2.500000 0.000000
3.000000 0.000000
3.500000 0.000000
4.000000 0.000000
4.500000 0.000647
5.000000 0.001048
5.500000 0.001732
6.000000 0.003639
6.500000 0.009921
7.000000 0.017644
7.500000 0.031205
8.000000 0.052601
8.500000 0.078323
9.000000 0.122744
9.500000 0.184912
10.000000 0.237357
10.500000 0.294063
11.000000 0.349456
11.500000 0.391737
12.000000 0.443189
12.500000 0.474253
13.000000 0.493971
13.500000 0.509017
14.000000 0.525838
14.500000 0.521786
15.000000 0.550340
15.500000 0.552592
16.000000 0.581583
16.500000 0.593781
17.000000 0.619740
17.500000 0.645527
18.000000 0.670443
18.500000 0.692371
19.000000 0.723357
19.500000 0.745714
20.000000 0.765712
20.500000 0.786979
21.000000 0.805347
21.500000 0.822591
22.000000 0.839321
22.500000 0.855761
23.000000 0.856349
23.500000 0.881754
24.000000 0.887355
24.500000 0.901481
25.000000 0.907280
25.500000 0.919410
26.000000 0.924693
26.500000 0.939018
27.000000 0.952879
27.500000 0.949809
28.000000 0.961569
28.500000 0.959009
29.000000 0.970086
29.500000 0.978408
30.000000 0.981477
30.500000 0.984652
31.000000 0.991039
31.500000 0.999220
32.000000 1.004210
32.500000 1.004466
33.000000 1.007722
33.500000 1.006661
34.000000 1.008580
34.500000 1.010460
35.000000 1.014250
35.500000 1.012604
36.000000 1.014913
36.500000 1.014809
37.000000 1.019535
37.500000 1.014856
38.000000 1.019168
38.500000 1.020503
39.000000 1.021753
39.500000 1.023007
40.000000 1.023643
40.500000 1.025716
41.000000 1.027517
41.500000 1.025968
42.000000 1.029042
42.500000 1.021224
43.000000 1.029125
43.500000 1.026211
44.000000 1.025159
44.500000 1.025582
45.000000 1.030863
45.500000 1.027762
46.000000 1.033411
46.500000 1.030795
47.000000 1.028863
47.500000 1.031405
48.000000 1.034505
48.500000 1.032152
49.000000 1.028288
49.500000 1.034927
50.000000 1.033708
50.500000 1.034502
51.000000 1.035439
51.500000 1.037221
52.000000 1.035721
52.500000 1.035544
53.000000 1.031146
53.500000 1.032758
54.000000 1.033631
54.500000 1.033971
55.000000 1.033769
55.500000 1.034023
56.000000 1.031568
56.500000 1.027454
57.000000 1.028323
57.500000 1.029158
58.000000 1.028075
58.500000 1.021875
59.000000 1.023688
59.500000 1.025670
60.000000 1.025076
60.500000 1.023362
61.000000 1.020123
61.500000 1.017858
62.000000 1.019210
62.500000 1.013840
63.000000 1.013296
63.500000 1.015399
64.000000 1.012515
64.500000 1.012905
65.000000 1.009845
65.500000 1.010425
66.000000 1.005319
66.500000 1.007658
67.000000 1.001210
67.500000 1.001508
68.000000 1.000492
68.500000 0.998164
69.000000 1.001177
69.500000 0.995814
70.000000 0.996454
70.500000 0.995698
71.000000 0.994952
71.500000 0.993833
72.000000 0.993644
72.500000 0.990787
73.000000 0.990773
73.500000 0.988294
74.000000 0.987124
74.500000 0.985134
75.000000 0.983465
75.500000 0.984309
76.000000 0.981705
76.500000 0.985223
77.000000 0.982451
77.500000 0.984340
78.000000 0.980976
78.500000 0.979392
79.000000 0.979728
79.500000 0.978554
80.000000 0.978572
80.500000 0.976178
81.000000 0.975286
81.500000 0.980938
82.000000 0.979683
82.500000 0.978056
83.000000 0.976589
83.500000 0.978160
84.000000 0.976300
84.500000 0.978606
85.000000 0.976961
85.500000 0.975249
86.000000 0.974879
86.500000 0.978429
87.000000 0.977838
87.500000 0.978397
88.000000 0.977692
88.500000 0.977864
89.000000 0.979145
89.500000 0.979581
90.000000 0.979233
90.500000 0.981933
91.000000 0.981033
91.500000 0.983246
92.000000 0.980491
92.500000 0.978929
93.000000 0.982090
93.500000 0.981772
94.000000 0.983833
94.500000 0.984341
95.000000 0.985334
95.500000 0.985536
96.000000 0.985325
96.500000 0.987959
97.000000 0.985790
97.500000 0.987728
98.000000 0.989305
98.500000 0.989971
99.000000 0.989996
99.500000 0.992919
100.000000 0.991551
100.500000 0.992593
101.000000 0.992344
101.500000 0.993823
102.000000 0.991732
102.500000 0.992138
103.000000 0.993120
103.500000 0.992969
104.000000 0.994044
104.500000 0.993673
105.000000 0.994298
105.500000 0.995617
106.000000 0.996336
106.500000 0.994248
107.000000 0.997534
107.500000 0.994484
108.000000 0.994695
108.500000 0.995376
109.000000 0.995315
109.500000 0.996473
110.000000 0.996032
110.500000 0.997881
111.000000 0.997738
111.500000 0.995943
112.000000 0.997244
112.500000 0.996948
113.000000 0.997683
113.500000 0.997460
114.000000 0.996971
114.500000 0.994995
115.000000 0.997472
115.500000 0.996104
116.000000 0.997273
116.500000 0.997467
117.000000 0.996972
117.500000 0.997155
118.000000 0.996003
118.500000 0.996605
119.000000 0.996391
119.500000 0.993312
120.000000 0.996069
120.500000 0.995283
121.000000 0.992569
121.500000 0.994324
122.000000 0.994524
122.500000 0.993043
123.000000 0.994895
123.500000 0.994032
124.000000 0.993846
124.500000 0.994512
