0.000000 nan
0.500000 0.000000
1.000000 0.000000
1.500000 0.000000
2.000000 0.000000
2.500000 0.000000
3.000000 0.000000
3.500000 0.002139
4.000000 0.000000
4.500000 0.006469
5.000000 0.015719
5.500000 0.029446
6.000000 0.067679
6.500000 0.102933
7.000000 0.173230
7.500000 0.275257
8.000000 0.417536
8.500000 0.570743
9.000000 0.728379
9.500000 0.915273
10.000000 1.074132
10.500000 1.194787
11.000000 1.299308
11.500000 1.313978
12.000000 1.316649
12.500000 1.279150
13.000000 1.245119
13.500000 1.192977
14.000000 1.157806
14.500000 1.137027
15.000000 1.101961
15.500000 1.075086
16.000000 1.053562
16.500000 1.061791
17.000000 1.027537
17.500000 1.018249
18.000000 1.039524
18.500000 1.036069
19.000000 1.013099
19.500000 1.026093
20.000000 1.010405
20.500000 1.013959
21.000000 1.002309
21.500000 1.014098
22.000000 0.999110
22.500000 0.989560
23.000000 0.991228
23.500000 0.992382
24.000000 0.984576
24.500000 0.977621
25.000000 0.979944
25.500000 0.977628
26.000000 0.979066
26.500000 0.969553
27.000000 0.969051
27.500000 0.972240
28.000000 0.954702
28.500000 0.970331
29.000000 0.957003
29.500000 0.964996
30.000000 0.959005
30.500000 0.962995
31.000000 0.962851
31.500000 0.970441
32.000000 0.959591
32.500000 0.959287
33.000000 0.961448
33.500000 0.965901
34.000000 0.966868
34.500000 0.963588
35.000000 0.966494
35.500000 0.966402
36.000000 0.963173
36.500000 0.955903
37.000000 0.965071
37.500000 0.965832
38.000000 0.964549
38.500000 0.965676
39.000000 0.954095
39.500000 0.962400
40.000000 0.960628
40.500000 0.963281
41.000000 0.963510
41.500000 0.958474
42.000000 0.958051
42.500000 0.958239
43.000000 0.965102
43.500000 0.964379
44.000000 0.962370
44.500000 0.961186
45.000000 0.963491
45.500000 0.958326
46.000000 0.967618
46.500000 0.965883
47.000000 0.967429
47.500000 0.966677
48.000000 0.969282
48.500000 0.966496
49.000000 0.970146
49.500000 0.969999
50.000000 0.972451
50.500000 0.981900
51.000000 0.977165
51.500000 0.983827
52.000000 0.976053
52.500000 0.985438
53.000000 0.985632
53.500000 0.983579
54.000000 0.983444
54.500000 0.989500
55.000000 0.992696
55.500000 0.991527
56.000000 0.990416
56.500000 0.992464
57.000000 0.991771
57.500000 1.000010
58.000000 0.996697
58.500000 0.997164
59.000000 0.990713
59.500000 0.996555
60.000000 0.995333
60.500000 0.998139
61.000000 0.992263
61.500000 0.996275
62.000000 0.998713
62.500000 0.998733
63.000000 0.998613
63.500000 0.998334
64.000000 1.003347
64.500000 0.995005
65.000000 0.997472
65.500000 0.999882
66.000000 0.998628
66.500000 1.002074
67.000000 0.998835
67.500000 1.002434
68.000000 1.001152
68.500000 1.002379
69.000000 1.003945
69.500000 0.998442
70.000000 0.999895
70.500000 1.002577
71.000000 0.998972
71.500000 1.000423
72.000000 0.993839
72.500000 0.995654
73.000000 0.999195
73.500000 0.998246
74.000000 0.999053
74.500000 0.996502
75.000000 0.997805
75.500000 0.996569
76.000000 1.000118
76.500000 0.998310
77.000000 0.999885
77.500000 0.998784
78.000000 0.997552
78.500000 0.993422
79.000000 0.998816
79.500000 1.000833
80.000000 0.998018
80.500000 0.997864
81.000000 0.995581
81.500000 0.997211
82.000000 0.994968
82.500000 0.996482
83.000000 0.998233
83.500000 0.993596
84.000000 0.998092
84.500000 0.997693
85.000000 1.001426
85.500000 0.997514
86.000000 0.997106
86.500000 0.992636
87.000000 0.996956
87.500000 0.998677
88.000000 0.994745
88.500000 0.998017
89.000000 0.994036
89.500000 0.996013
90.000000 0.995168
90.500000 0.995232
91.000000 0.990285
91.500000 0.994960
92.000000 0.998558
92.500000 0.994427
93.000000 0.994728
93.500000 0.992044
94.000000 0.992815
94.500000 0.992576
95.000000 0.991737
95.500000 0.993680
96.000000 0.989752
96.500000 0.994717
97.000000 0.995618
97.500000 0.992187
98.000000 0.991203
98.500000 0.992522
99.000000 0.993661
99.500000 0.991281
100.000000 0.991497
100.500000 0.992177
101.000000 0.991513
101.500000 0.992161
102.000000 0.992102
102.500000 0.991554
103.000000 0.992347
103.500000 0.990786
104.000000 0.994282
104.500000 0.992391
105.000000 0.993375
105.500000 0.991638
106.000000 0.992219
106.500000 0.994037
107.000000 0.993793
107.500000 0.991641
108.000000 0.991094
108.500000 0.991566
109.000000 0.990748
109.500000 0.990063
110.000000 0.993718
110.500000 0.990247
111.000000 0.989362
111.500000 0.994914
112.000000 0.991389
112.500000 0.990868
113.000000 0.990556
113.500000 0.992185
114.000000 0.991939
114.500000 0.991905
115.000000 0.992574
115.500000 0.990240
116.000000 0.989657
116.500000 0.990434
117.000000 0.991612
117.500000 0.991669
118.000000 0.988777
118.500000 0.991075
119.000000 0.991321
119.500000 0.990205
120.000000 0.989950
120.500000 0.991390
121.000000 0.989387
121.500000 0.990590
122.000000 0.988674
122.500000 0.990938
123.000000 0.992547
123.500000 0.989131
124.000000 0.993291
124.500000 0.992404
