0.000000 nan
0.500000 0.000000
1.000000 0.000000
1.500000 0.000000
2.000000 0.000000
2.500000 0.000000
3.000000 0.000000
3.500000 0.002139
4.000000 0.008187
4.500000 0.016819
5.000000 0.038774
5.500000 0.091369
6.000000 0.165195
6.500000 0.308799
7.000000 0.514343
7.500000 0.739376
8.000000 1.001268
8.500000 1.256977
9.000000 1.449965
9.500000 1.544614
10.000000 1.606875
10.500000 1.653288
11.000000 1.615420
11.500000 1.580320
12.000000 1.550524
12.500000 1.506761
13.000000 1.489120
13.500000 1.450504
14.000000 1.416649
14.500000 1.438884
15.000000 1.402892
15.500000 1.421362
16.000000 1.414813
16.500000 1.424718
17.000000 1.416705
17.500000 1.414326
18.000000 1.420452
18.500000 1.407400
19.000000 1.410175
19.500000 1.395729
20.000000 1.396994
20.500000 1.380642
21.000000 1.367066
21.500000 1.360444
22.000000 1.342367
22.500000 1.338535
23.000000 1.319921
23.500000 1.294594
24.000000 1.280512
24.500000 1.260161
25.000000 1.243394
25.500000 1.223294
26.000000 1.210375
26.500000 1.186396
27.000000 1.168791
27.500000 1.153732
28.000000 1.152410
28.500000 1.131149
29.000000 1.110470
29.500000 1.092699
30.000000 1.087784
30.500000 1.069267
31.000000 1.050878
31.500000 1.050231
32.000000 1.035871
32.500000 1.021233
33.000000 1.012076
33.500000 1.002412
34.000000 0.990937
34.500000 0.976619
35.000000 0.972247
35.500000 0.959958
36.000000 0.948639
36.500000 0.946818
37.000000 0.934089
37.500000 0.923970
38.000000 0.919754
38.500000 0.914216
39.000000 0.899666
39.500000 0.904554
40.000000 0.897506
40.500000 0.892397
41.000000 0.890050
41.500000 0.890036
42.000000 0.885560
42.500000 0.883811
43.000000 0.884509
43.500000 0.879744
44.000000 0.883024
44.500000 0.884413
45.000000 0.882050
45.500000 0.885328
46.000000 0.884993
46.500000 0.888629
47.000000 0.887767
47.500000 0.892369
48.000000 0.893882
48.500000 0.888511
49.000000 0.896789
49.500000 0.897913
50.000000 0.904555
50.500000 0.908814
51.000000 0.910395
51.500000 0.918056
52.000000 0.919776
52.500000 0.920323
53.000000 0.925816
53.500000 0.925653
54.000000 0.928792
54.500000 0.934766
55.000000 0.935502
55.500000 0.943319
56.000000 0.942267
56.500000 0.947978
57.000000 0.951083
57.500000 0.952637
58.000000 0.957077
58.500000 0.963163
59.000000 0.962584
59.500000 0.966566
60.000000 0.963954
60.500000 0.969648
61.000000 0.969462
61.500000 0.974553
62.000000 0.975500
62.500000 0.977161
63.000000 0.981174
63.500000 0.980483
64.000000 0.982121
64.500000 0.986740
65.000000 0.986592
65.500000 0.991290
66.000000 0.990470
66.500000 0.992335
67.000000 0.995654
67.500000 0.995672
68.000000 0.994594
68.500000 0.997949
69.000000 0.996954
69.500000 0.998127
70.000000 0.997989
70.500000 1.003180
71.000000 1.003424
71.500000 1.000767
72.000000 1.002673
72.500000 1.003185
73.000000 1.006685
73.500000 1.005219
74.000000 1.003204
74.500000 1.004708
75.000000 1.006419
75.500000 1.004290
76.000000 1.005461
76.500000 1.003443
77.000000 1.008230
77.500000 1.007207
78.000000 1.009538
78.500000 1.005749
79.000000 1.008122
79.500000 1.008198
80.000000 1.008655
80.500000 1.008171
81.000000 1.008570
81.500000 1.007143
82.000000 1.005206
82.500000 1.007162
83.000000 1.004491
83.500000 1.004797
84.000000 1.007450
84.500000 1.007236
85.000000 1.003661
85.500000 1.006240
86.000000 1.004336
86.500000 1.004996
87.000000 1.005867
87.500000 1.002625
88.000000 1.005788
88.500000 1.003866
89.000000 1.003802
89.500000 1.003820
90.000000 1.005352
90.500000 1.002974
91.000000 1.001490
91.500000 1.001384
92.000000 1.002944
92.500000 0.999240
93.000000 0.999143
93.500000 1.000695
94.000000 0.999552
94.500000 1.000005
95.000000 1.000688
95.500000 0.999705
96.000000 0.999891
96.500000 0.999106
97.000000 0.997714
97.500000 0.999395
98.000000 0.998279
98.500000 0.997628
99.000000 0.997527
99.500000 0.996686
100.000000 0.992455
100.500000 0.995660
101.000000 0.994473
101.500000 0.995402
102.000000 0.995799
102.500000 0.995285
103.000000 0.994562
103.500000 0.992626
104.000000 0.992330
104.500000 0.992592
105.000000 0.991689
105.500000 0.993406
106.000000 0.990479
106.500000 0.991262
107.000000 0.991757
107.500000 0.991420
108.000000 0.990643
108.500000 0.989761
109.000000 0.989221
109.500000 0.988881
110.000000 0.989112
110.500000 0.987533
111.000000 0.989177
111.500000 0.985588
112.000000 0.986990
112.500000 0.987518
113.000000 0.985993
113.500000 0.986861
114.000000 0.985657
114.500000 0.986460
115.000000 0.986584
115.500000 0.986081
116.000000 0.984113
116.500000 0.986273
117.000000 0.984803
117.500000 0.985489
118.000000 0.985148
118.500000 0.984879
119.000000 0.985341
119.500000 0.984714
120.000000 0.984427
120.500000 0.986584
121.000000 0.984408
121.500000 0.985109
122.000000 0.987564
122.500000 0.984702
123.000000 0.985585
123.500000 0.987677
124.000000 0.985344
124.500000 0.986252
