0.000000 nan
0.500000 0.000000
1.000000 0.000000
1.500000 0.000000
2.000000 0.000000
2.500000 0.002096
3.000000 0.001455
3.500000 0.008555
4.000000 0.027017
4.500000 0.056278
5.000000 0.122084
5.500000 0.221279
6.000000 0.347492
6.500000 0.541329
7.000000 0.754940
7.500000 0.973414
8.000000 1.169306
8.500000 1.321158
9.000000 1.398215
9.500000 1.490911
10.000000 1.504702
10.500000 1.485642
11.000000 1.461261
11.500000 1.473248
12.000000 1.487939
12.500000 1.473395
13.000000 1.486252
13.500000 1.495642
14.000000 1.509078
14.500000 1.536637
15.000000 1.578596
15.500000 1.580243
16.000000 1.586228
16.500000 1.587442
17.000000 1.597147
17.500000 1.601414
18.000000 1.585889
18.500000 1.577489
19.000000 1.551835
19.500000 1.550095
20.000000 1.523794
20.500000 1.514361
21.000000 1.499989
21.500000 1.476430
22.000000 1.451545
22.500000 1.419860
23.000000 1.390691
23.500000 1.369169
24.000000 1.343757
24.500000 1.323186
25.000000 1.298935
25.500000 1.279035
26.000000 1.245526
26.500000 1.225736
27.000000 1.211269
27.500000 1.187144
28.000000 1.164958
28.500000 1.132601
29.000000 1.130423
29.500000 1.103251
30.000000 1.078702
30.500000 1.062452
31.000000 1.045998
31.500000 1.033703
32.000000 1.010542
32.500000 1.001961
33.000000 0.982823
33.500000 0.973908
34.000000 0.960534
34.500000 0.956622
35.000000 0.938286
35.500000 0.931291
36.000000 0.916204
36.500000 0.907832
37.000000 0.895423
37.500000 0.884177
38.000000 0.883296
38.500000 0.875473
39.000000 0.871134
39.500000 0.863634
40.000000 0.862744
40.500000 0.856084
41.000000 0.860298
41.500000 0.855802
42.000000 0.856370
42.500000 0.856463
43.000000 0.861683
43.500000 0.862818
44.000000 0.865669
44.500000 0.865058
45.000000 0.867515
45.500000 0.870800
46.000000 0.876444
46.500000 0.872727
47.000000 0.881938
47.500000 0.879173
48.000000 0.884973
48.500000 0.889580
49.000000 0.891115
49.500000 0.895224
50.000000 0.897545
50.500000 0.903595
51.000000 0.907741
51.500000 0.910149
52.000000 0.920241
52.500000 0.917372
53.000000 0.926353
53.500000 0.931580
54.000000 0.933882
54.500000 0.938223
55.000000 0.942092
55.500000 0.947593
56.000000 0.948073
56.500000 0.950157
57.000000 0.952994
57.500000 0.957998
58.000000 0.965787
58.500000 0.964912
59.000000 0.967179
59.500000 0.970710
60.000000 0.970252
60.500000 0.974719
61.000000 0.975239
61.500000 0.977420
62.000000 0.979378
62.500000 0.982315
63.000000 0.984369
63.500000 0.983348
64.000000 0.991121
64.500000 0.993091
65.000000 0.993779
65.500000 0.990856
66.000000 0.993270
66.500000 0.997776
67.000000 0.997679
67.500000 0.999996
68.000000 0.999050
68.500000 1.000880
69.000000 0.998971
69.500000 1.002537
70.000000 1.000723
70.500000 0.998481
71.000000 1.001405
71.500000 1.003598
72.000000 0.999719
72.500000 1.004282
73.000000 1.004836
73.500000 1.005151
74.000000 1.006101
74.500000 1.006240
75.000000 1.005567
75.500000 1.005871
76.000000 1.006897
76.500000 1.008421
77.000000 1.008645
77.500000 1.008176
78.000000 1.006244
78.500000 1.007424
79.000000 1.007438
79.500000 1.010221
80.000000 1.009101
80.500000 1.008735
81.000000 1.008766
81.500000 1.007387
82.000000 1.005667
82.500000 1.005793
83.000000 1.007625
83.500000 1.006167
84.000000 1.006969
84.500000 1.008636
85.000000 1.006640
85.500000 1.006009
86.000000 1.007191
86.500000 1.007745
87.000000 1.005056
87.500000 1.007642
88.000000 1.004646
88.500000 1.003938
89.000000 1.000925
89.500000 1.000934
90.000000 1.001962
90.500000 1.001928
91.000000 1.001293
91.500000 0.999862
92.000000 1.000502
92.500000 1.000640
93.000000 0.999325
93.500000 0.999557
94.000000 0.997261
94.500000 0.997840
95.000000 0.996524
95.500000 0.998334
96.000000 0.995581
96.500000 0.994713
97.000000 0.994379
97.500000 0.995177
98.000000 0.998089
98.500000 0.994284
99.000000 0.993331
99.500000 0.995057
100.000000 0.991306
100.500000 0.994592
101.000000 0.992084
101.500000 0.992923
102.000000 0.991953
102.500000 0.992125
103.000000 0.990523
103.500000 0.990972
104.000000 0.990596
104.500000 0.988849
105.000000 0.991178
105.500000 0.989481
106.000000 0.990502
106.500000 0.990483
107.000000 0.989557
107.500000 0.987729
108.000000 0.989263
108.500000 0.990679
109.000000 0.988542
109.500000 0.989445
110.000000 0.988562
110.500000 0.989370
111.000000 0.989718
111.500000 0.988026
112.000000 0.988570
112.500000 0.987935
113.000000 0.985875
113.500000 0.986584
114.000000 0.987594
114.500000 0.985986
115.000000 0.985716
115.500000 0.986713
116.000000 0.988701
116.500000 0.985824
117.000000 0.984249
117.500000 0.986364
118.000000 0.986317
118.500000 0.985528
119.000000 0.985935
119.500000 0.983552
120.000000 0.985383
120.500000 0.985436
121.000000 0.985637
121.500000 0.985781
122.000000 0.985865
122.500000 0.984415
123.000000 0.985907
123.500000 0.983720
124.000000 0.986761
124.500000 0.987327
