0.000000 nan
0.500000 0.000000
1.000000 0.000000
1.500000 0.000000
2.000000 0.000000
2.500000 0.000000
3.000000 0.000000
3.500000 0.000000
4.000000 0.000000
4.500000 0.000647
5.000000 0.001048
5.500000 0.003464
6.000000 0.001455
6.500000 0.018602
7.000000 0.027268
7.500000 0.042383
8.000000 0.057514
8.500000 0.081587
9.000000 0.104470
9.500000 0.137451
10.000000 0.167276
10.500000 0.203052
11.000000 0.247477
11.500000 0.273671
12.000000 0.298916
12.500000 0.315470
13.000000 0.335540
13.500000 0.353264
14.000000 0.382616
14.500000 0.397305
15.000000 0.427557
15.500000 0.441801
16.000000 0.485335
16.500000 0.520455
17.000000 0.552024
17.500000 0.577219
18.000000 0.623990
18.500000 0.669216
19.000000 0.697558
19.500000 0.732624
20.000000 0.771934
20.500000 0.792496
21.000000 0.825159
21.500000 0.842144
22.000000 0.865601
22.500000 0.877263
23.000000 0.898593
23.500000 0.915341
24.000000 0.925334
24.500000 0.939038
25.000000 0.946494
25.500000 0.946122
26.000000 0.967924
26.500000 0.965151
27.000000 0.987739
27.500000 0.991449
28.000000 0.993933
28.500000 1.005294
29.000000 1.007343
29.500000 1.007489
30.000000 1.013352
30.500000 1.011153
31.000000 1.009236
31.500000 1.012039
32.000000 1.016324
32.500000 1.011349
33.000000 1.014663
33.500000 1.018671
34.000000 1.014064
34.500000 1.011418
35.000000 1.017362
35.500000 1.014402
36.000000 1.011224
36.500000 1.013668
37.000000 1.014444
37.500000 1.011605
38.000000 1.017417
38.500000 1.013123
39.000000 1.012391
39.500000 1.022050
40.000000 1.013098
40.500000 1.023792
41.000000 1.014255
41.500000 1.017092
42.000000 1.022070
42.500000 1.024386
43.000000 1.024456
43.500000 1.023386
44.000000 1.026309
44.500000 1.030384
45.000000 1.029996
45.500000 1.027199
46.000000 1.031578
46.500000 1.028620
47.000000 1.034485
47.500000 1.035997
48.000000 1.035739
48.500000 1.034524
49.000000 1.033809
49.500000 1.037963
50.000000 1.039147
50.500000 1.038426
51.000000 1.037091
51.500000 1.041726
52.000000 1.038071
52.500000 1.042307
53.000000 1.042562
53.500000 1.040135
54.000000 1.038325
54.500000 1.037865
55.000000 1.038840
55.500000 1.038518
56.000000 1.039880
56.500000 1.034241
57.000000 1.037040
57.500000 1.038853
58.000000 1.036166
58.500000 1.035812
59.000000 1.029382
59.500000 1.031032
60.000000 1.027306
60.500000 1.025788
61.000000 1.029156
61.500000 1.024736
62.000000 1.019824
62.500000 1.022834
63.000000 1.017485
63.500000 1.016890
64.000000 1.018614
64.500000 1.012968
65.000000 1.013318
65.500000 1.009118
66.000000 1.010383
66.500000 1.008807
67.000000 1.006042
67.500000 1.003665
68.000000 1.003033
68.500000 1.002469
69.000000 0.999851
69.500000 0.997945
70.000000 0.996729
70.500000 0.994227
71.000000 0.992445
71.500000 0.992196
72.000000 0.989993
72.500000 0.986987
73.000000 0.985184
73.500000 0.984766
74.000000 0.984256
74.500000 0.981497
75.000000 0.983134
75.500000 0.980807
76.000000 0.977839
76.500000 0.977937
77.000000 0.977858
77.500000 0.977763
78.000000 0.977376
78.500000 0.975891
79.000000 0.972384
79.500000 0.974828
80.000000 0.974400
80.500000 0.971383
81.000000 0.972703
81.500000 0.973696
82.000000 0.971752
82.500000 0.974267
83.000000 0.973033
83.500000 0.971329
84.000000 0.974739
84.500000 0.972471
85.000000 0.974426
85.500000 0.973789
86.000000 0.976271
86.500000 0.977799
87.000000 0.977978
87.500000 0.974171
88.000000 0.977673
88.500000 0.978918
89.000000 0.977336
89.500000 0.980821
90.000000 0.978364
90.500000 0.980729
91.000000 0.982109
91.500000 0.979722
92.000000 0.981412
92.500000 0.982665
93.000000 0.983294
93.500000 0.983093
94.000000 0.983287
94.500000 0.983560
95.000000 0.984437
95.500000 0.986063
96.000000 0.987360
96.500000 0.988228
97.000000 0.987231
97.500000 0.985880
98.000000 0.989657
98.500000 0.990041
99.000000 0.990695
99.500000 0.991686
100.000000 0.990545
100.500000 0.990783
101.000000 0.992459
101.500000 0.992538
102.000000 0.991696
102.500000 0.993935
103.000000 0.993705
103.500000 0.994015
104.000000 0.993720
104.500000 0.995997
105.000000 0.994015
105.500000 0.996549
106.000000 0.996042
106.500000 0.994360
107.000000 0.994996
107.500000 0.996868
108.000000 0.997313
108.500000 0.999471
109.000000 0.998006
109.500000 0.996568
110.000000 0.997080
110.500000 0.997478
111.000000 0.995076
111.500000 0.998108
112.000000 0.996663
112.500000 0.997365
113.000000 0.997779
113.500000 0.996259
114.000000 0.995814
114.500000 0.995543
115.000000 0.996712
115.500000 0.996508
116.000000 0.995190
116.500000 0.995928
117.000000 0.996756
117.500000 0.994726
118.000000 0.994757
118.500000 0.995454
119.000000 0.995207
119.500000 0.994490
120.000000 0.994774
120.500000 0.995862
121.000000 0.994599
121.500000 0.994642
122.000000 0.993550
122.500000 0.993350
123.000000 0.993792
123.500000 0.992778
124.000000 0.992836
124.500000 0.992703
