0.000000 nan
0.500000 0.000000
1.000000 0.000000
1.500000 0.000000
2.000000 0.000000
2.500000 0.000000
3.000000 0.000000
3.500000 0.001069
4.000000 0.000000
4.500000 0.002587
5.000000 0.006288
5.500000 0.011692
6.000000 0.020740
6.500000 0.045576
7.000000 0.081536
7.500000 0.152765
8.000000 0.210815
8.500000 0.324533
9.000000 0.457177
9.500000 0.618020
10.000000 0.765123
10.500000 0.944210
11.000000 1.094701
11.500000 1.218694
12.000000 1.290541
12.500000 1.340685
13.000000 1.392078
13.500000 1.362314
14.000000 1.335113
14.500000 1.275464
15.000000 1.247099
15.500000 1.185605
16.000000 1.160095
16.500000 1.106874
17.000000 1.088591
17.500000 1.054350
18.000000 1.047570
18.500000 1.051838
19.000000 1.037919
19.500000 1.051138
20.000000 1.049375
20.500000 1.067727
21.000000 1.062637
21.500000 1.078227
22.000000 1.085662
22.500000 1.093655
23.000000 1.086662
23.500000 1.075709
24.000000 1.074541
24.500000 1.063384
25.000000 1.056799
25.500000 1.052366
26.000000 1.029932
26.500000 1.024356
27.000000 1.011673
27.500000 1.006813
28.000000 1.002755
28.500000 0.987748
29.000000 0.984634
29.500000 0.982487
30.000000 0.982933
30.500000 0.985638
31.000000 0.981566
31.500000 0.983247
32.000000 0.987542
32.500000 0.984053
33.000000 0.983677
33.500000 0.981145
34.000000 0.989973
34.500000 0.992742
35.000000 0.988373
35.500000 0.986889
36.000000 0.989685
36.500000 0.978989
37.000000 0.982476
37.500000 0.980996
38.000000 0.978546
38.500000 0.971438
39.000000 0.975746
39.500000 0.967143
40.000000 0.965761
40.500000 0.958785
41.000000 0.958063
41.500000 0.961516
42.000000 0.963896
42.500000 0.956557
43.000000 0.960448
43.500000 0.963638
44.000000 0.964535
44.500000 0.964970
45.000000 0.962443
45.500000 0.968545
46.000000 0.965420
46.500000 0.966579
47.000000 0.968455
47.500000 0.966717
48.000000 0.965410
48.500000 0.971480
49.000000 0.965542
49.500000 0.966406
50.000000 0.971990
50.500000 0.970071
51.000000 0.969475
51.500000 0.973979
52.000000 0.974968
52.500000 0.976641
53.000000 0.979640
53.500000 0.976091
54.000000 0.978808
54.500000 0.978346
55.000000 0.981927
55.500000 0.979220
56.000000 0.979531
56.500000 0.982172
57.000000 0.982107
57.500000 0.982910
58.000000 0.984552
58.500000 0.980739
59.000000 0.978972
59.500000 0.981129
60.000000 0.987692
60.500000 0.984973
61.000000 0.983695
61.500000 0.987800
62.000000 0.985481
62.500000 0.989813
63.000000 0.989299
63.500000 0.987370
64.000000 0.989096
64.500000 0.991743
65.000000 0.989005
65.500000 0.988170
66.000000 0.993393
66.500000 0.991186
67.000000 0.991782
67.500000 0.993522
68.000000 0.988415
68.500000 0.988926
69.000000 0.996618
69.500000 0.993446
70.000000 0.992508
70.500000 0.993210
71.000000 0.991330
71.500000 0.995314
72.000000 0.994471
72.500000 0.995427
73.000000 0.995080
73.500000 0.994579
74.000000 0.995310
74.500000 0.998837
75.000000 0.997358
75.500000 0.995898
76.000000 0.999127
76.500000 0.999839
77.000000 0.997099
77.500000 1.000049
78.000000 0.996577
78.500000 1.000732
79.000000 1.000335
79.500000 0.998532
80.000000 1.000181
80.500000 0.996809
81.000000 0.997799
81.500000 0.999219
82.000000 1.000838
82.500000 0.998738
83.000000 1.003428
83.500000 1.002487
84.000000 0.998606
84.500000 1.001452
85.000000 0.999752
85.500000 0.998664
86.000000 0.999186
86.500000 1.002172
87.000000 0.998507
87.500000 0.999493
88.000000 1.002680
88.500000 0.997894
89.000000 0.998223
89.500000 0.997082
90.000000 0.998121
90.500000 0.997207
91.000000 0.996798
91.500000 0.998901
92.000000 0.996738
92.500000 0.997763
93.000000 0.995560
93.500000 0.998212
94.000000 0.995264
94.500000 0.997375
95.000000 0.996380
95.500000 0.995679
96.000000 0.994720
96.500000 0.995142
97.000000 0.993855
97.500000 0.993706
98.000000 0.994533
98.500000 0.993789
99.000000 0.994862
99.500000 0.991959
100.000000 0.991410
100.500000 0.991624
101.000000 0.993113
101.500000 0.991059
102.000000 0.990304
102.500000 0.991239
103.000000 0.991311
103.500000 0.989745
104.000000 0.991365
104.500000 0.991342
105.000000 0.992290
105.500000 0.990270
106.000000 0.990272
106.500000 0.989890
107.000000 0.987925
107.500000 0.988488
108.000000 0.990228
108.500000 0.988836
109.000000 0.989811
109.500000 0.989015
110.000000 0.988931
110.500000 0.989386
111.000000 0.989267
111.500000 0.989487
112.000000 0.987398
112.500000 0.986859
113.000000 0.989585
113.500000 0.989973
114.000000 0.987732
114.500000 0.992020
115.000000 0.988880
115.500000 0.989804
116.000000 0.989406
116.500000 0.990586
117.000000 0.991352
117.500000 0.989524
118.000000 0.989566
118.500000 0.987584
119.000000 0.988501
119.500000 0.990274
120.000000 0.989770
120.500000 0.989090
121.000000 0.990005
121.500000 0.990280
122.000000 0.990205
122.500000 0.989941
123.000000 0.990931
123.500000 0.989308
124.000000 0.991244
124.500000 0.990570
