0.000000 nan
0.500000 0.000000
1.000000 0.000000
1.500000 0.000000
2.000000 0.000000
2.500000 0.000000
3.000000 0.000000
3.500000 0.000000
4.000000 0.000000
4.500000 0.000000
5.000000 0.001048
5.500000 0.000866
6.000000 0.003275
6.500000 0.004031
7.000000 0.011495
7.500000 0.019329
8.000000 0.040321
8.500000 0.075422
9.000000 0.112879
9.500000 0.157335
10.000000 0.207622
10.500000 0.284083
11.000000 0.356601
11.500000 0.404415
12.000000 0.464384
12.500000 0.507451
13.000000 0.518541
13.500000 0.567954
14.000000 0.574559
14.500000 0.595054
15.000000 0.595750
15.500000 0.583833
16.000000 0.590435
16.500000 0.595273
17.000000 0.602335
17.500000 0.611480
18.000000 0.628801
18.500000 0.645869
19.000000 0.665518
19.500000 0.688322
20.000000 0.708894
20.500000 0.738790
21.000000 0.766762
21.500000 0.797881
22.000000 0.824274
22.500000 0.838011
23.000000 0.850753
23.500000 0.862114
24.000000 0.882579
24.500000 0.897225
25.000000 0.904996
25.500000 0.905228
26.000000 0.925061
26.500000 0.918705
27.000000 0.931227
27.500000 0.942066
28.000000 0.947000
28.500000 0.951623
29.000000 0.960663
29.500000 0.968112
30.000000 0.973589
30.500000 0.980681
31.000000 0.984742
31.500000 0.997517
32.000000 0.997661
32.500000 1.009154
33.000000 1.016250
33.500000 1.011855
34.000000 1.019220
34.500000 1.023656
35.000000 1.026751
35.500000 1.022926
36.000000 1.028144
36.500000 1.032684
37.000000 1.032624
37.500000 1.037883
38.000000 1.033701
38.500000 1.038398
39.000000 1.041156
39.500000 1.045272
40.000000 1.041008
40.500000 1.047606
41.000000 1.046103
41.500000 1.048010
42.000000 1.042706
42.500000 1.050806
43.000000 1.051235
43.500000 1.051990
44.000000 1.048800
44.500000 1.053080
45.000000 1.058969
45.500000 1.051996
46.000000 1.049884
46.500000 1.054010
47.000000 1.048052
47.500000 1.048845
48.000000 1.052067
48.500000 1.046970
49.000000 1.048572
49.500000 1.048442
50.000000 1.048568
50.500000 1.044328
51.000000 1.042857
51.500000 1.042516
52.000000 1.044959
52.500000 1.039393
53.000000 1.036691
53.500000 1.033138
54.000000 1.031079
54.500000 1.030514
55.000000 1.025555
55.500000 1.026250
56.000000 1.025407
56.500000 1.023120
57.000000 1.019518
57.500000 1.016821
58.000000 1.013570
58.500000 1.013305
59.000000 1.009457
59.500000 1.007507
60.000000 1.006260
60.500000 1.008997
61.000000 1.003873
61.500000 1.005806
62.000000 1.002438
62.500000 0.995272
63.000000 0.997593
63.500000 0.996863
64.000000 0.997478
64.500000 0.994873
65.000000 0.990260
65.500000 0.992731
66.000000 0.986329
66.500000 0.984305
67.000000 0.987124
67.500000 0.986314
68.000000 0.988327
68.500000 0.984624
69.000000 0.987665
69.500000 0.980776
70.000000 0.985903
70.500000 0.983145
71.000000 0.982495
71.500000 0.982910
72.000000 0.982567
72.500000 0.984741
73.000000 0.979808
73.500000 0.980344
74.000000 0.982687
74.500000 0.979309
75.000000 0.984266
75.500000 0.983429
76.000000 0.981844
76.500000 0.979757
77.000000 0.981223
77.500000 0.979839
78.000000 0.982942
78.500000 0.981707
79.000000 0.980610
79.500000 0.980157
80.000000 0.981374
80.500000 0.983841
81.000000 0.980587
81.500000 0.979792
82.000000 0.980219
82.500000 0.983262
83.000000 0.983206
83.500000 0.984680
84.000000 0.982109
84.500000 0.985530
85.000000 0.983092
85.500000 0.985216
86.000000 0.983060
86.500000 0.985252
87.000000 0.986460
87.500000 0.983537
88.000000 0.988560
88.500000 0.987554
89.000000 0.985654
89.500000 0.988263
90.000000 0.987395
90.500000 0.988382
91.000000 0.986725
91.500000 0.988717
92.000000 0.988429
92.500000 0.988844
93.000000 0.990014
93.500000 0.987461
94.000000 0.988303
94.500000 0.989461
95.000000 0.990901
95.500000 0.990345
96.000000 0.989891
96.500000 0.991795
97.000000 0.990870
97.500000 0.990629
98.000000 0.987984
98.500000 0.990501
99.000000 0.991638
99.500000 0.991028
100.000000 0.991848
100.500000 0.991225
101.000000 0.988478
101.500000 0.990962
102.000000 0.994901
102.500000 0.994324
103.000000 0.991895
103.500000 0.992343
104.000000 0.993386
104.500000 0.993095
105.000000 0.991931
105.500000 0.990785
106.000000 0.995450
106.500000 0.993947
107.000000 0.992948
107.500000 0.994171
108.000000 0.993681
108.500000 0.993260
109.000000 0.991863
109.500000 0.995212
110.000000 0.993666
110.500000 0.993850
111.000000 0.994413
111.500000 0.994571
112.000000 0.994687
112.500000 0.992759
113.000000 0.995120
113.500000 0.993928
114.000000 0.996601
114.500000 0.994400
115.000000 0.995310
115.500000 0.994650
116.000000 0.994752
116.500000 0.994282
117.000000 0.995547
117.500000 0.995127
118.000000 0.994232
118.500000 0.994622
119.000000 0.996059
119.500000 0.994083
120.000000 0.995466
120.500000 0.992964
121.000000 0.994228
121.500000 0.994811
122.000000 0.994980
122.500000 0.993998
123.000000 0.994328
123.500000 0.995233
124.000000 0.993577
124.500000 0.993718
