0.000000 nan
0.500000 0.000000
1.000000 0.000000
1.500000 0.000000
2.000000 0.000000
2.500000 0.004192
3.000000 0.002911
3.500000 0.002139
4.000000 0.009824
4.500000 0.012937
5.000000 0.041917
5.500000 0.077079
6.000000 0.152824
6.500000 0.256093
7.000000 0.419708
7.500000 0.625500
8.000000 0.842441
8.500000 1.128070
9.000000 1.353581
9.500000 1.538227
10.000000 1.682458
10.500000 1.696417
11.000000 1.683839
11.500000 1.636678
12.000000 1.607741
12.500000 1.508186
13.000000 1.433158
13.500000 1.396814
14.000000 1.355096
14.500000 1.315338
15.000000 1.277082
15.500000 1.251196
16.000000 1.238690
16.500000 1.198436
17.000000 1.222801
17.500000 1.189854
18.000000 1.173104
18.500000 1.160765
19.000000 1.146413
19.500000 1.152314
20.000000 1.138449
20.500000 1.120186
21.000000 1.127242
21.500000 1.106820
22.000000 1.106231
22.500000 1.077897
23.000000 1.077153
23.500000 1.069471
24.000000 1.066855
24.500000 1.051862
25.000000 1.039383
25.500000 1.051560
26.000000 1.041345
26.500000 1.036518
27.000000 1.033774
27.500000 1.033730
28.000000 1.023473
28.500000 1.028968
29.000000 1.019150
29.500000 1.028908
30.000000 1.024152
30.500000 1.019602
31.000000 1.032258
31.500000 1.013716
32.000000 1.011937
32.500000 1.007753
33.000000 1.013965
33.500000 1.014715
34.000000 0.999548
34.500000 1.006730
35.000000 1.000499
35.500000 0.995568
36.000000 1.002592
36.500000 0.988586
37.000000 1.001182
37.500000 0.993478
38.000000 0.989677
38.500000 0.983333
39.000000 0.976487
39.500000 0.981810
40.000000 0.971435
40.500000 0.969015
41.000000 0.969573
41.500000 0.961988
42.000000 0.965507
42.500000 0.951089
43.000000 0.966647
43.500000 0.958245
44.000000 0.955306
44.500000 0.952150
45.000000 0.951692
45.500000 0.946734
46.000000 0.944552
46.500000 0.951052
47.000000 0.945501
47.500000 0.940830
48.000000 0.937273
48.500000 0.943463
49.000000 0.947385
49.500000 0.942563
50.000000 0.944859
50.500000 0.943243
51.000000 0.945608
51.500000 0.947556
52.000000 0.947229
52.500000 0.947028
53.000000 0.946647
53.500000 0.942664
54.000000 0.949322
54.500000 0.950496
55.000000 0.945765
55.500000 0.954197
56.000000 0.951135
56.500000 0.951134
57.000000 0.957381
57.500000 0.953481
58.000000 0.954573
58.500000 0.957272
59.000000 0.961429
59.500000 0.964793
60.000000 0.961537
60.500000 0.967698
61.000000 0.965973
61.500000 0.964100
62.000000 0.971206
62.500000 0.970370
63.000000 0.967042
63.500000 0.974996
64.000000 0.967522
64.500000 0.972209
65.000000 0.972842
65.500000 0.979248
66.000000 0.980177
66.500000 0.982702
67.000000 0.984338
67.500000 0.983787
68.000000 0.986245
68.500000 0.987545
69.000000 0.987101
69.500000 0.990284
70.000000 0.989453
70.500000 0.992193
71.000000 0.991390
71.500000 0.993808
72.000000 0.993177
72.500000 0.996482
73.000000 0.995694
73.500000 0.999870
74.000000 0.998709
74.500000 0.998575
75.000000 0.997335
75.500000 1.000191
76.000000 1.000554
76.500000 1.001569
77.000000 0.996969
77.500000 1.002797
78.000000 1.004567
78.500000 1.001840
79.000000 1.002573
79.500000 1.003805
80.000000 1.005329
80.500000 1.003520
81.000000 1.004817
81.500000 1.006157
82.000000 1.008048
82.500000 1.004692
83.000000 1.004394
83.500000 1.003343
84.000000 1.004998
84.500000 1.002297
85.000000 1.005578
85.500000 1.003223
86.000000 1.003957
86.500000 1.004509
87.000000 1.007402
87.500000 1.002088
88.000000 1.005524
88.500000 1.004155
89.000000 1.003167
89.500000 1.004016
90.000000 1.003730
90.500000 1.003005
91.000000 1.004060
91.500000 1.005527
92.000000 1.001629
92.500000 1.004853
93.000000 1.001610
93.500000 1.002662
94.000000 0.998134
94.500000 1.000494
95.000000 1.001125
95.500000 0.997891
96.000000 0.999520
96.500000 0.998220
97.000000 0.996768
97.500000 0.995935
98.000000 0.999509
98.500000 0.997267
99.000000 0.993719
99.500000 0.995679
100.000000 0.998621
100.500000 0.996830
101.000000 0.993757
101.500000 0.994231
102.000000 0.994734
102.500000 0.993446
103.000000 0.995517
103.500000 0.995509
104.000000 0.993955
104.500000 0.994276
105.000000 0.992469
105.500000 0.992584
106.000000 0.991802
106.500000 0.993272
107.000000 0.993219
107.500000 0.992530
108.000000 0.990935
108.500000 0.991441
109.000000 0.990640
109.500000 0.990056
110.000000 0.991499
110.500000 0.991513
111.000000 0.990438
111.500000 0.989551
112.000000 0.990533
112.500000 0.988291
113.000000 0.989509
113.500000 0.988896
114.000000 0.987377
114.500000 0.991076
115.000000 0.990953
115.500000 0.985414
116.000000 0.990175
116.500000 0.987707
117.000000 0.988860
117.500000 0.988077
118.000000 0.988359
118.500000 0.988562
119.000000 0.985908
119.500000 0.985886
120.000000 0.988345
120.500000 0.989465
121.000000 0.987773
121.500000 0.990118
122.000000 0.985545
122.500000 0.987830
123.000000 0.987525
123.500000 0.990864
124.000000 0.984767
124.500000 0.987209
