0.000000 nan
0.500000 0.000000
1.000000 0.000000
1.500000 0.000000
2.000000 0.000000
2.500000 0.000000
3.000000 0.000000
3.500000 0.001069
4.000000 0.000819
4.500000 0.008409
5.000000 0.018863
5.500000 0.035942
6.000000 0.071318
6.500000 0.118435
7.000000 0.209319
7.500000 0.315545
8.000000 0.464611
8.500000 0.653418
9.000000 0.817809
9.500000 0.976088
10.000000 1.087493
10.500000 1.164608
11.000000 1.218873
11.500000 1.235334
12.000000 1.221407
12.500000 1.193638
13.000000 1.171175
13.500000 1.129799
14.000000 1.096120
14.500000 1.068120
15.000000 1.063595
15.500000 1.035393
16.000000 1.024294
16.500000 1.009009
17.000000 1.015843
17.500000 1.006188
18.000000 1.007626
18.500000 1.010770
19.000000 1.008165
19.500000 1.002530
20.000000 1.016496
20.500000 0.995724
21.000000 1.005428
21.500000 0.991570
22.000000 1.002520
22.500000 0.988758
23.000000 0.989322
23.500000 0.988018
24.000000 0.973842
24.500000 0.977009
25.000000 0.978665
25.500000 0.981698
26.000000 0.965715
26.500000 0.969833
27.000000 0.975987
27.500000 0.974180
28.000000 0.968988
28.500000 0.969718
29.000000 0.976114
29.500000 0.971348
30.000000 0.967490
30.500000 0.980709
31.000000 0.979153
31.500000 0.974969
32.000000 0.979150
32.500000 0.974107
33.000000 0.977386
33.500000 0.975986
34.000000 0.978959
34.500000 0.984686
35.000000 0.982010
35.500000 0.985808
36.000000 0.992636
36.500000 0.981182
37.000000 0.977501
37.500000 0.978556
38.000000 0.982592
38.500000 0.986956
39.000000 0.983334
39.500000 0.983901
40.000000 0.984206
40.500000 0.984349
41.000000 0.987745
41.500000 0.983353
42.000000 0.978235
42.500000 0.976856
43.000000 0.985718
43.500000 0.983949
44.000000 0.979731
44.500000 0.978074
45.000000 0.984566
45.500000 0.984635
46.000000 0.981423
46.500000 0.981434
47.000000 0.979858
47.500000 0.983682
48.000000 0.986145
48.500000 0.984867
49.000000 0.982820
49.500000 0.981616
50.000000 0.983234
50.500000 0.983086
51.000000 0.985535
51.500000 0.980997
52.000000 0.982084
52.500000 0.982929
53.000000 0.983207
53.500000 0.988270
54.000000 0.984639
54.500000 0.985447
55.000000 0.982438
55.500000 0.986904
56.000000 0.982730
56.500000 0.988241
57.000000 0.985893
57.500000 0.988053
58.000000 0.986811
58.500000 0.989681
59.000000 0.988974
59.500000 0.988244
60.000000 0.990832
60.500000 0.986995
61.000000 0.990274
61.500000 0.988049
62.000000 0.992678
62.500000 0.986936
63.000000 0.988039
63.500000 0.989846
64.000000 0.992633
64.500000 0.992357
65.000000 0.995249
65.500000 0.992875
66.000000 0.990590
66.500000 0.992196
67.000000 0.993261
67.500000 0.990445
68.000000 0.990883
68.500000 0.993343
69.000000 0.993386
69.500000 0.993658
70.000000 0.992246
70.500000 0.990390
71.000000 0.994978
71.500000 0.994435
72.000000 0.994696
72.500000 0.995151
73.000000 0.994952
73.500000 0.991522
74.000000 0.998039
74.500000 0.996686
75.000000 0.993900
75.500000 0.993267
76.000000 0.996188
76.500000 0.994966
77.000000 0.995106
77.500000 0.997070
78.000000 0.996639
78.500000 0.995484
79.000000 0.992840
79.500000 0.995985
80.000000 0.994141
80.500000 0.998608
81.000000 0.996635
81.500000 0.996304
82.000000 0.996476
82.500000 0.995497
83.000000 0.996659
83.500000 0.996059
84.000000 0.993610
84.500000 0.995880
85.000000 0.993871
85.500000 0.998261
86.000000 0.996447
86.500000 0.994410
87.000000 0.992977
87.500000 0.995173
88.000000 0.993991
88.500000 0.996552
89.000000 0.996347
89.500000 0.995138
90.000000 0.994981
90.500000 0.992933
91.000000 0.995123
91.500000 0.994799
92.000000 0.994867
92.500000 0.995998
93.000000 0.994854
93.500000 0.994798
94.000000 0.995367
94.500000 0.993357
95.000000 0.995126
95.500000 0.993847
96.000000 0.995335
96.500000 0.994115
97.000000 0.994061
97.500000 0.995377
98.000000 0.995502
98.500000 0.994400
99.000000 0.992632
99.500000 0.992556
100.000000 0.996366
100.500000 0.993941
101.000000 0.993054
101.500000 0.993341
102.000000 0.992454
102.500000 0.993651
103.000000 0.992077
103.500000 0.995127
104.000000 0.993689
104.500000 0.993334
105.000000 0.992952
105.500000 0.992163
106.000000 0.994212
106.500000 0.991655
107.000000 0.991196
107.500000 0.993942
108.000000 0.992746
108.500000 0.990484
109.000000 0.992734
109.500000 0.990525
110.000000 0.991891
110.500000 0.991307
111.000000 0.989606
111.500000 0.992511
112.000000 0.990786
112.500000 0.991007
113.000000 0.991920
113.500000 0.991097
114.000000 0.992285
114.500000 0.991527
115.000000 0.992590
115.500000 0.991592
116.000000 0.991859
116.500000 0.991954
117.000000 0.992150
117.500000 0.992287
118.000000 0.992755
118.500000 0.991576
119.000000 0.992653
119.500000 0.991357
120.000000 0.991513
120.500000 0.992680
121.000000 0.991914
121.500000 0.991331
122.000000 0.991917
122.500000 0.993378
123.000000 0.992185
123.500000 0.990307
124.000000 0.989878
124.500000 0.991656
