0.000000 nan
0.500000 0.000000
1.000000 0.000000
1.500000 0.000000
2.000000 0.000000
2.500000 0.000000
3.000000 0.000000
3.500000 0.001069
4.000000 0.000819
4.500000 0.006469
5.000000 0.012051
5.500000 0.027714
6.000000 0.063677
6.500000 0.108514
7.000000 0.162002
7.500000 0.227984
8.000000 0.310082
8.500000 0.399593
9.000000 0.474805
9.500000 0.546319
10.000000 0.593131
10.500000 0.639572
11.000000 0.677368
11.500000 0.689279
12.000000 0.708356
12.500000 0.705218
13.000000 0.723865
13.500000 0.739088
14.000000 0.754740
14.500000 0.792679
15.000000 0.825423
15.500000 0.855086
16.000000 0.876416
16.500000 0.917399
17.000000 0.954925
17.500000 0.976289
18.000000 1.007019
18.500000 1.031323
19.000000 1.053631
19.500000 1.059302
20.000000 1.063325
20.500000 1.072527
21.000000 1.080964
21.500000 1.081316
22.000000 1.083848
22.500000 1.090006
23.000000 1.089708
23.500000 1.083750
24.000000 1.074746
24.500000 1.081977
25.000000 1.075243
25.500000 1.066266
26.000000 1.068978
26.500000 1.064423
27.000000 1.063962
27.500000 1.052611
28.000000 1.054617
28.500000 1.042934
29.000000 1.040535
29.500000 1.037834
30.000000 1.034835
30.500000 1.018405
31.000000 1.025675
31.500000 1.019933
32.000000 1.018832
32.500000 1.012999
33.000000 1.010838
33.500000 1.011423
34.000000 1.005701
34.500000 1.006851
35.000000 1.005995
35.500000 1.006680
36.000000 1.003340
36.500000 0.997386
37.000000 1.000245
37.500000 1.000288
38.000000 0.999628
38.500000 1.000530
39.000000 1.002746
39.500000 0.998291
40.000000 0.996593
40.500000 1.003571
41.000000 1.003400
41.500000 0.991217
42.000000 0.993621
42.500000 0.995399
43.000000 0.997662
43.500000 0.999116
44.000000 0.995686
44.500000 0.994181
45.000000 0.999270
45.500000 0.998264
46.000000 0.996348
46.500000 0.993441
47.000000 0.991807
47.500000 0.992315
48.000000 0.994485
48.500000 0.989668
49.000000 0.989961
49.500000 0.990704
50.000000 0.993033
50.500000 0.991074
51.000000 0.991216
51.500000 0.990480
52.000000 0.985262
52.500000 0.985619
53.000000 0.986099
53.500000 0.982334
54.000000 0.980956
54.500000 0.980547
55.000000 0.980671
55.500000 0.982851
56.000000 0.979982
56.500000 0.977995
57.000000 0.974983
57.500000 0.977102
58.000000 0.979206
58.500000 0.976104
59.000000 0.976353
59.500000 0.980430
60.000000 0.978359
60.500000 0.981805
61.000000 0.981276
61.500000 0.979294
62.000000 0.980588
62.500000 0.979173
63.000000 0.983847
63.500000 0.982387
64.000000 0.982739
64.500000 0.989271
65.000000 0.985098
65.500000 0.986985
66.000000 0.985968
66.500000 0.986843
67.000000 0.987171
67.500000 0.986334
68.000000 0.988764
68.500000 0.989225
69.000000 0.991570
69.500000 0.993891
70.000000 0.992019
70.500000 0.993028
71.000000 0.990408
71.500000 0.992608
72.000000 0.990084
72.500000 0.994171
73.000000 0.994539
73.500000 0.996948
74.000000 0.995712
74.500000 0.996462
75.000000 0.996995
75.500000 0.995305
76.000000 0.998082
76.500000 0.993567
77.000000 0.997024
77.500000 0.994547
78.000000 0.998299
78.500000 0.997127
79.000000 0.997136
79.500000 0.997197
80.000000 0.997596
80.500000 0.996997
81.000000 0.997550
81.500000 0.998460
82.000000 0.994608
82.500000 0.997945
83.000000 0.998559
83.500000 0.997388
84.000000 0.995151
84.500000 0.999212
85.000000 0.995162
85.500000 0.994890
86.000000 0.993872
86.500000 0.994026
87.000000 0.996376
87.500000 0.995291
88.000000 0.994835
88.500000 0.993040
89.000000 0.996321
89.500000 0.994994
90.000000 0.996237
90.500000 0.993325
91.000000 0.993224
91.500000 0.991565
92.000000 0.994663
92.500000 0.994173
93.000000 0.992879
93.500000 0.990753
94.000000 0.992906
94.500000 0.991380
95.000000 0.992501
95.500000 0.989954
96.000000 0.990943
96.500000 0.992281
97.000000 0.991010
97.500000 0.990386
98.000000 0.991658
98.500000 0.993120
99.000000 0.991295
99.500000 0.991373
100.000000 0.991484
100.500000 0.990656
101.000000 0.989920
101.500000 0.990728
102.000000 0.990330
102.500000 0.990980
103.000000 0.990144
103.500000 0.989098
104.000000 0.991852
104.500000 0.989585
105.000000 0.990939
105.500000 0.990149
106.000000 0.989645
106.500000 0.989297
107.000000 0.990480
107.500000 0.989222
108.000000 0.989271
108.500000 0.990801
109.000000 0.990553
109.500000 0.990123
110.000000 0.988469
110.500000 0.989332
111.000000 0.989497
111.500000 0.989213
112.000000 0.988487
112.500000 0.988679
113.000000 0.989460
113.500000 0.987560
114.000000 0.990868
114.500000 0.989582
115.000000 0.989687
115.500000 0.990027
116.000000 0.991214
116.500000 0.991872
117.000000 0.990974
117.500000 0.990896
118.000000 0.990877
118.500000 0.990035
119.000000 0.989997
119.500000 0.990703
120.000000 0.990732
120.500000 0.991013
121.000000 0.991997
121.500000 0.993714
122.000000 0.992345
122.500000 0.990916
123.000000 0.991036
123.500000 0.991565
124.000000 0.992575
124.500000 0.991504
