0.000000 nan
0.500000 0.000000
1.000000 0.000000
1.500000 0.000000
2.000000 0.000000
2.500000 0.000000
3.000000 0.000000
3.500000 0.000000
4.000000 0.001637
4.500000 0.001941
5.000000 0.008383
5.500000 0.016888
6.000000 0.032384
6.500000 0.057667
7.000000 0.099714
7.500000 0.161149
8.000000 0.253182
8.500000 0.373304
9.000000 0.491138
9.500000 0.635001
10.000000 0.764206
10.500000 0.900486
11.000000 0.982871
11.500000 1.038227
12.000000 1.114430
12.500000 1.079372
13.000000 1.073357
13.500000 1.070215
14.000000 1.022203
14.500000 0.992110
15.000000 0.969397
15.500000 0.938833
16.000000 0.920831
16.500000 0.908402
17.000000 0.911186
17.500000 0.894978
18.000000 0.900568
18.500000 0.909268
19.000000 0.925288
19.500000 0.925261
20.000000 0.942846
20.500000 0.941364
21.000000 0.947715
21.500000 0.946938
22.000000 0.953533
22.500000 0.952636
23.000000 0.958047
23.500000 0.953008
24.000000 0.959924
24.500000 0.953266
25.000000 0.939158
25.500000 0.948257
26.000000 0.958390
26.500000 0.951758
27.000000 0.945602
27.500000 0.946241
28.000000 0.957977
28.500000 0.958945
29.000000 0.955912
29.500000 0.957259
30.000000 0.959514
30.500000 0.959954
31.000000 0.965604
31.500000 0.968659
32.000000 0.973547
32.500000 0.969965
33.000000 0.976448
33.500000 0.979698
34.000000 0.972308
34.500000 0.981670
35.000000 0.984480
35.500000 0.984675
36.000000 0.981326
36.500000 0.986806
37.000000 0.985672
37.500000 0.986595
38.000000 0.986203
38.500000 0.987796
39.000000 0.990973
39.500000 0.988493
40.000000 0.989602
40.500000 0.991504
41.000000 0.988836
41.500000 0.994168
42.000000 0.987190
42.500000 0.989061
43.000000 0.990656
43.500000 0.993405
44.000000 0.989475
44.500000 0.990033
45.000000 0.993124
45.500000 0.991190
46.000000 0.989786
46.500000 0.989261
47.000000 0.991345
47.500000 0.990405
48.000000 0.986241
48.500000 0.990314
49.000000 0.993759
49.500000 0.993254
50.000000 0.993127
50.500000 0.993544
51.000000 0.991085
51.500000 0.990396
52.000000 0.988266
52.500000 0.991692
53.000000 0.988025
53.500000 0.993816
54.000000 0.991193
54.500000 0.995123
55.000000 0.992159
55.500000 0.995095
56.000000 0.999710
56.500000 0.995418
57.000000 0.997283
57.500000 0.996389
58.000000 0.999303
58.500000 0.999074
59.000000 0.995191
59.500000 0.995186
60.000000 0.998957
60.500000 0.996228
61.000000 0.995604
61.500000 0.997494
62.000000 0.998100
62.500000 0.997630
63.000000 0.998679
63.500000 0.996391
64.000000 0.994459
64.500000 0.997754
65.000000 0.997931
65.500000 0.999170
66.000000 1.002860
66.500000 0.995860
67.000000 0.997422
67.500000 0.997095
68.000000 0.995999
68.500000 0.997444
69.000000 0.996555
69.500000 0.997802
70.000000 0.995882
70.500000 0.996351
71.000000 0.995971
71.500000 0.997003
72.000000 0.997104
72.500000 0.995619
73.000000 0.994900
73.500000 0.995513
74.000000 0.994934
74.500000 0.997633
75.000000 0.995237
75.500000 0.993781
76.000000 0.994610
76.500000 0.994228
77.000000 0.996138
77.500000 0.994390
78.000000 0.995210
78.500000 0.995631
79.000000 0.996631
79.500000 0.994173
80.000000 0.995281
80.500000 0.995054
81.000000 0.994842
81.500000 0.993827
82.000000 0.997074
82.500000 0.994484
83.000000 0.996627
83.500000 0.995460
84.000000 0.995053
84.500000 0.993081
85.000000 0.993849
85.500000 0.995456
86.000000 0.992540
86.500000 0.992836
87.000000 0.995560
87.500000 0.992081
88.000000 0.996297
88.500000 0.994504
89.000000 0.996313
89.500000 0.995583
90.000000 0.996072
90.500000 0.993431
91.000000 0.993117
91.500000 0.992136
92.000000 0.992549
92.500000 0.994348
93.000000 0.991780
93.500000 0.992050
94.000000 0.993500
94.500000 0.992027
95.000000 0.994701
95.500000 0.991751
96.000000 0.993075
96.500000 0.990327
97.000000 0.992288
97.500000 0.991662
98.000000 0.993272
98.500000 0.991647
99.000000 0.991221
99.500000 0.990865
100.000000 0.991550
100.500000 0.990794
101.000000 0.989760
101.500000 0.991161
102.000000 0.992598
102.500000 0.990830
103.000000 0.989815
103.500000 0.992443
104.000000 0.992233
104.500000 0.991316
105.000000 0.993059
105.500000 0.991829
106.000000 0.991107
106.500000 0.991038
107.000000 0.990973
107.500000 0.989653
108.000000 0.991402
108.500000 0.990312
109.000000 0.991829
109.500000 0.989335
110.000000 0.991527
110.500000 0.992934
111.000000 0.992397
111.500000 0.993307
112.000000 0.992222
112.500000 0.990650
113.000000 0.991222
113.500000 0.992807
114.000000 0.990191
114.500000 0.990309
115.000000 0.990610
115.500000 0.990556
116.000000 0.991002
116.500000 0.991904
117.000000 0.992172
117.500000 0.992465
118.000000 0.991077
118.500000 0.991866
119.000000 0.992160
119.500000 0.990664
120.000000 0.990765
120.500000 0.993111
121.000000 0.991386
121.500000 0.992233
122.000000 0.993219
122.500000 0.991713
123.000000 0.990488
123.500000 0.992837
124.000000 0.994017
124.500000 0.992336
