0.000000 nan
0.500000 0.000000
1.000000 0.000000
1.500000 0.000000
2.000000 0.000000
2.500000 0.000000
3.000000 0.000000
3.500000 0.001069
4.000000 0.000819
4.500000 0.002587
5.000000 0.004192
5.500000 0.008661
6.000000 0.019285
6.500000 0.042785
7.000000 0.075922
7.500000 0.138793
8.000000 0.192599
8.500000 0.301689
9.000000 0.390873
9.500000 0.522370
10.000000 0.618543
10.500000 0.731059
11.000000 0.801431
11.500000 0.853997
12.000000 0.899749
12.500000 0.905331
13.000000 0.889814
13.500000 0.870619
14.000000 0.860803
14.500000 0.845886
15.000000 0.825131
15.500000 0.799854
16.000000 0.787178
16.500000 0.789222
17.000000 0.776568
17.500000 0.788559
18.000000 0.791610
18.500000 0.812053
19.000000 0.808194
19.500000 0.828908
20.000000 0.845584
20.500000 0.856955
21.000000 0.860327
21.500000 0.860252
22.000000 0.864058
22.500000 0.867793
23.000000 0.872766
23.500000 0.880924
24.000000 0.875257
24.500000 0.878567
25.000000 0.884770
25.500000 0.889797
26.000000 0.888573
26.500000 0.895183
27.000000 0.897967
27.500000 0.898919
28.000000 0.909206
28.500000 0.923611
29.000000 0.922331
29.500000 0.934079
30.000000 0.934815
30.500000 0.936818
31.000000 0.945185
31.500000 0.954995
32.000000 0.955856
32.500000 0.963107
33.000000 0.968677
33.500000 0.972905
34.000000 0.974506
34.500000 0.973956
35.000000 0.975712
35.500000 0.991068
36.000000 0.992404
36.500000 0.992056
37.000000 0.998723
37.500000 1.007050
38.000000 1.004091
38.500000 1.012673
39.000000 1.011702
39.500000 1.014687
40.000000 1.019558
40.500000 1.020022
41.000000 1.020193
41.500000 1.019526
42.000000 1.024119
42.500000 1.023552
43.000000 1.026022
43.500000 1.024819
44.000000 1.024706
44.500000 1.023300
45.000000 1.026930
45.500000 1.025801
46.000000 1.023401
46.500000 1.029123
47.000000 1.024635
47.500000 1.022377
48.000000 1.024487
48.500000 1.021103
49.000000 1.023378
49.500000 1.026951
50.000000 1.022605
50.500000 1.023017
51.000000 1.016593
51.500000 1.020483
52.000000 1.018272
52.500000 1.014110
53.000000 1.016811
53.500000 1.017321
54.000000 1.007944
54.500000 1.016679
55.000000 1.009286
55.500000 1.010494
56.000000 1.012396
56.500000 1.006469
57.000000 1.007806
57.500000 1.003516
58.000000 1.005747
58.500000 1.005451
59.000000 1.004636
59.500000 1.006811
60.000000 1.002360
60.500000 1.005579
61.000000 1.001895
61.500000 1.005248
62.000000 1.002281
62.500000 1.002053
63.000000 1.001748
63.500000 1.001310
64.000000 1.002643
64.500000 1.001847
65.000000 1.002023
65.500000 0.998279
66.000000 1.002730
66.500000 1.000984
67.000000 1.003311
67.500000 0.997294
68.000000 1.000058
68.500000 0.997413
69.000000 0.995378
69.500000 0.998667
70.000000 0.998293
70.500000 0.997593
71.000000 0.995589
71.500000 0.994246
72.000000 0.995957
72.500000 0.996148
73.000000 0.996751
73.500000 0.995120
74.000000 0.995891
74.500000 0.995247
75.000000 0.993891
75.500000 0.995482
76.000000 0.993083
76.500000 0.992336
77.000000 0.993175
77.500000 0.994357
78.000000 0.992150
78.500000 0.994421
79.000000 0.992972
79.500000 0.991721
80.000000 0.989769
80.500000 0.992465
81.000000 0.989162
81.500000 0.989349
82.000000 0.989038
82.500000 0.992113
83.000000 0.987819
83.500000 0.988764
84.000000 0.987099
84.500000 0.988096
85.000000 0.988102
85.500000 0.986551
86.000000 0.987739
86.500000 0.982440
87.000000 0.984958
87.500000 0.988105
88.000000 0.984728
88.500000 0.984447
89.000000 0.984363
89.500000 0.986381
90.000000 0.983326
90.500000 0.986865
91.000000 0.987119
91.500000 0.985946
92.000000 0.986971
92.500000 0.986146
93.000000 0.989034
93.500000 0.987459
94.000000 0.986460
94.500000 0.987769
95.000000 0.986236
95.500000 0.987073
96.000000 0.988176
96.500000 0.988156
97.000000 0.987539
97.500000 0.987779
98.000000 0.989514
98.500000 0.986967
99.000000 0.988264
99.500000 0.987834
100.000000 0.991733
100.500000 0.989652
101.000000 0.987567
101.500000 0.991013
102.000000 0.991045
102.500000 0.991113
103.000000 0.989912
103.500000 0.989609
104.000000 0.993426
104.500000 0.990569
105.000000 0.989491
105.500000 0.990708
106.000000 0.990075
106.500000 0.991757
107.000000 0.992061
107.500000 0.992920
108.000000 0.990919
108.500000 0.991895
109.000000 0.994481
109.500000 0.992933
110.000000 0.992083
110.500000 0.993021
111.000000 0.993430
111.500000 0.992408
112.000000 0.993899
112.500000 0.993645
113.000000 0.992384
113.500000 0.994762
114.000000 0.993305
114.500000 0.992903
115.000000 0.994975
115.500000 0.994253
116.000000 0.996049
116.500000 0.992754
117.000000 0.992989
117.500000 0.994509
118.000000 0.993165
118.500000 0.993517
119.000000 0.996727
119.500000 0.993825
120.000000 0.994084
120.500000 0.993773
121.000000 0.995402
121.500000 0.993499
122.000000 0.993538
122.500000 0.995187
123.000000 0.994236
123.500000 0.994811
124.000000 0.993264
124.500000 0.995808
