0.000000 nan
0.500000 0.000000
1.000000 0.000000
1.500000 0.000000
2.000000 0.000000
2.500000 0.000000
3.000000 0.000000
3.500000 0.000000
4.000000 0.000819
4.500000 0.001941
5.000000 0.003144
5.500000 0.003031
6.000000 0.007641
6.500000 0.023253
7.000000 0.040634
7.500000 0.071027
8.000000 0.114208
8.500000 0.167706
9.000000 0.260043
9.500000 0.356617
10.000000 0.455065
10.500000 0.584443
11.000000 0.704432
11.500000 0.778819
12.000000 0.833071
12.500000 0.908097
13.000000 0.926786
13.500000 0.930490
14.000000 0.925430
14.500000 0.910805
15.000000 0.882186
15.500000 0.878312
16.000000 0.863829
16.500000 0.831755
17.000000 0.831820
17.500000 0.826028
18.000000 0.816515
18.500000 0.824186
19.000000 0.834210
19.500000 0.850473
20.000000 0.860976
20.500000 0.882016
21.000000 0.890268
21.500000 0.907916
22.000000 0.932937
22.500000 0.927460
23.000000 0.947598
23.500000 0.961926
24.000000 0.959674
24.500000 0.969000
25.000000 0.964896
25.500000 0.972753
26.000000 0.965328
26.500000 0.969292
27.000000 0.966212
27.500000 0.961743
28.000000 0.960985
28.500000 0.969911
29.000000 0.965647
29.500000 0.972944
30.000000 0.965991
30.500000 0.975781
31.000000 0.975377
31.500000 0.979563
32.000000 0.979879
32.500000 0.983470
33.000000 0.987718
33.500000 0.994125
34.000000 0.994880
34.500000 0.996329
35.000000 0.999322
35.500000 0.994560
36.000000 0.997943
36.500000 0.991948
37.000000 0.994762
37.500000 0.994103
38.000000 0.994494
38.500000 0.994530
39.000000 0.997371
39.500000 0.995512
40.000000 0.998656
40.500000 0.997246
41.000000 0.999916
41.500000 1.000116
42.000000 1.007366
42.500000 1.004566
43.000000 1.011952
43.500000 1.009701
44.000000 1.012432
44.500000 1.009779
45.000000 1.011133
45.500000 1.015323
46.000000 1.013465
46.500000 1.016413
47.000000 1.013119
47.500000 1.015526
48.000000 1.018728
48.500000 1.012494
49.000000 1.011102
49.500000 1.005802
50.000000 1.007232
50.500000 1.012292
51.000000 1.010525
51.500000 1.007336
52.000000 1.013471
52.500000 1.015118
53.000000 1.010940
53.500000 1.011550
54.000000 1.011898
54.500000 1.009905
55.000000 1.012200
55.500000 1.012309
56.000000 1.013327
56.500000 1.013223
57.000000 1.014769
57.500000 1.011769
58.000000 1.011853
58.500000 1.008953
59.000000 1.006074
59.500000 1.007070
60.000000 1.006715
60.500000 1.005100
61.000000 1.003912
61.500000 1.000614
62.000000 1.001047
62.500000 0.998488
63.000000 0.999557
63.500000 0.999530
64.000000 0.999727
64.500000 0.995767
65.000000 0.997273
65.500000 0.996975
66.000000 0.995787
66.500000 0.996026
67.000000 0.996334
67.500000 0.997377
68.000000 0.993016
68.500000 0.993044
69.000000 0.993394
69.500000 0.995035
70.000000 0.992602
70.500000 0.994433
71.000000 0.990080
71.500000 0.989226
72.000000 0.990451
72.500000 0.990897
73.000000 0.990092
73.500000 0.991335
74.000000 0.990511
74.500000 0.990177
75.000000 0.989366
75.500000 0.986288
76.000000 0.987114
76.500000 0.986629
77.000000 0.987851
77.500000 0.987860
78.000000 0.985101
78.500000 0.987882
79.000000 0.989010
79.500000 0.987620
80.000000 0.986138
80.500000 0.985984
81.000000 0.984920
81.500000 0.985150
82.000000 0.987123
82.500000 0.987290
83.000000 0.984541
83.500000 0.986301
84.000000 0.986470
84.500000 0.984979
85.000000 0.986187
85.500000 0.985958
86.000000 0.986037
86.500000 0.985579
87.000000 0.985115
87.500000 0.987284
88.000000 0.986464
88.500000 0.985133
89.000000 0.988246
89.500000 0.984569
90.000000 0.986395
90.500000 0.989199
91.000000 0.989143
91.500000 0.988841
92.000000 0.990486
92.500000 0.989156
93.000000 0.991349
93.500000 0.989601
94.000000 0.989785
94.500000 0.989772
95.000000 0.988636
95.500000 0.988542
96.000000 0.990625
96.500000 0.992838
97.000000 0.991302
97.500000 0.992453
98.000000 0.991639
98.500000 0.991877
99.000000 0.992468
99.500000 0.991966
100.000000 0.994758
100.500000 0.995402
101.000000 0.992835
101.500000 0.992727
102.000000 0.993448
102.500000 0.995541
103.000000 0.994648
103.500000 0.995574
104.000000 0.995104
104.500000 0.995848
105.000000 0.994154
105.500000 0.994086
106.000000 0.993315
106.500000 0.995276
107.000000 0.994893
107.500000 0.994750
108.000000 0.993728
108.500000 0.993344
109.000000 0.994938
109.500000 0.993927
110.000000 0.993406
110.500000 0.995214
111.000000 0.993758
111.500000 0.994108
112.000000 0.992686
112.500000 0.992595
113.000000 0.992121
113.500000 0.991716
114.000000 0.992581
114.500000 0.992654
115.000000 0.992944
115.500000 0.993206
116.000000 0.992806
116.500000 0.993812
117.000000 0.993178
117.500000 0.994039
118.000000 0.993555
118.500000 0.993817
119.000000 0.993389
119.500000 0.993913
120.000000 0.992692
120.500000 0.993110
121.000000 0.991674
121.500000 0.991098
122.000000 0.989612
122.500000 0.990994
123.000000 0.992582
123.500000 0.990381
124.000000 0.990717
124.500000 0.991550
