0.000000 nan
0.500000 0.000000
1.000000 0.000000
1.500000 0.000000
2.000000 0.000000
2.500000 0.004192
3.000000 0.011644
3.500000 0.027802
4.000000 0.085145
4.500000 0.188887
5.000000 0.361537
5.500000 0.710170
6.000000 1.117068
6.500000 1.779627
7.000000 2.357851
7.500000 2.894626
8.000000 3.321459
8.500000 3.586544
9.000000 3.563298
9.500000 3.648900
10.000000 3.441677
10.500000 3.279961
11.000000 3.128429
11.500000 2.931243
12.000000 2.815958
12.500000 2.733514
13.000000 2.604643
13.500000 2.549253
14.000000 2.468927
14.500000 2.457847
15.000000 2.335844
15.500000 2.318867
16.000000 2.295835
16.500000 2.213459
17.000000 2.216525
17.500000 2.159856
18.000000 2.104115
18.500000 2.050858
19.000000 1.987954
19.500000 1.940848
20.000000 1.857070
20.500000 1.776750
21.000000 1.719586
21.500000 1.622569
22.000000 1.555337
22.500000 1.474818
23.000000 1.416543
23.500000 1.369477
24.000000 1.308098
24.500000 1.257128
25.000000 1.194645
25.500000 1.157360
26.000000 1.125482
26.500000 1.070914
27.000000 1.041393
27.500000 1.007021
28.000000 0.976991
28.500000 0.942721
29.000000 0.923048
29.500000 0.899760
30.000000 0.875694
30.500000 0.854625
31.000000 0.840882
31.500000 0.820815
32.000000 0.811356
32.500000 0.803226
33.000000 0.780177
33.500000 0.787036
34.000000 0.771809
34.500000 0.765117
35.000000 0.767280
35.500000 0.755069
36.000000 0.757367
36.500000 0.757132
37.000000 0.754145
37.500000 0.756375
38.000000 0.758246
38.500000 0.755682
39.000000 0.764833
39.500000 0.762065
40.000000 0.771869
40.500000 0.767303
41.000000 0.776334
41.500000 0.778230
42.000000 0.788030
42.500000 0.789772
43.000000 0.793701
43.500000 0.806046
44.000000 0.801945
44.500000 0.813978
45.000000 0.822615
45.500000 0.833424
46.000000 0.833060
46.500000 0.843690
47.000000 0.846601
47.500000 0.849924
48.000000 0.861771
48.500000 0.869365
49.000000 0.875173
49.500000 0.880506
50.000000 0.889381
50.500000 0.893697
51.000000 0.898781
51.500000 0.908321
52.000000 0.912737
52.500000 0.915138
53.000000 0.924207
53.500000 0.933209
54.000000 0.934749
54.500000 0.944119
55.000000 0.952918
55.500000 0.955771
56.000000 0.960776
56.500000 0.963731
57.000000 0.967589
57.500000 0.974487
58.000000 0.976426
58.500000 0.980651
59.000000 0.981870
59.500000 0.987815
60.000000 0.993529
60.500000 0.996328
61.000000 0.996614
61.500000 0.999281
62.000000 0.999204
62.500000 1.005259
63.000000 1.005062
63.500000 1.008782
64.000000 1.008291
64.500000 1.008223
65.000000 1.011591
65.500000 1.014953
66.000000 1.016834
66.500000 1.014995
67.000000 1.016028
67.500000 1.013739
68.000000 1.015124
68.500000 1.015243
69.000000 1.015930
69.500000 1.016714
70.000000 1.014111
70.500000 1.012159
71.000000 1.016382
71.500000 1.009709
72.000000 1.016020
72.500000 1.017156
73.000000 1.015000
73.500000 1.012872
74.000000 1.011535
74.500000 1.008789
75.000000 1.009440
75.500000 1.006864
76.000000 1.006709
76.500000 1.005970
77.000000 1.008745
77.500000 1.007992
78.000000 1.006612
78.500000 1.003787
79.000000 1.002707
79.500000 1.002607
80.000000 1.003593
80.500000 1.000629
81.000000 1.001994
81.500000 1.000864
82.000000 1.000906
82.500000 1.000277
83.000000 0.999637
83.500000 0.999597
84.000000 0.997531
84.500000 0.997619
85.000000 1.001589
85.500000 0.996277
86.000000 0.998959
86.500000 1.000119
87.000000 1.001764
87.500000 0.996644
88.000000 1.002141
88.500000 1.000148
89.000000 1.000971
89.500000 0.999143
90.000000 0.995152
90.500000 0.996770
91.000000 0.998891
91.500000 1.002742
92.000000 0.996914
92.500000 0.996424
93.000000 0.999093
93.500000 0.998230
94.000000 0.998241
94.500000 1.000379
95.000000 0.997380
95.500000 1.000204
96.000000 0.995784
96.500000 0.997317
97.000000 0.997801
97.500000 0.997049
98.000000 0.999651
98.500000 0.998228
99.000000 0.996419
99.500000 0.999635
100.000000 0.995278
100.500000 0.999663
101.000000 1.000617
101.500000 0.995315
102.000000 0.994852
102.500000 0.995683
103.000000 0.996969
103.500000 0.995355
104.000000 0.998708
104.500000 0.997052
105.000000 0.992966
105.500000 0.997678
106.000000 0.995094
106.500000 0.993910
107.000000 0.995686
107.500000 0.995810
108.000000 0.991350
108.500000 0.991363
109.000000 0.993725
109.500000 0.989645
110.000000 0.992196
110.500000 0.989121
111.000000 0.989050
111.500000 0.988616
112.000000 0.989846
112.500000 0.990616
113.000000 0.988340
113.500000 0.988451
114.000000 0.988973
114.500000 0.984394
115.000000 0.986609
115.500000 0.988535
116.000000 0.986519
116.500000 0.984902
117.000000 0.983046
117.500000 0.984475
118.000000 0.983971
118.500000 0.985650
119.000000 0.985615
119.500000 0.984004
120.000000 0.984481
120.500000 0.984182
121.000000 0.985168
121.500000 0.985552
122.000000 0.982492
122.500000 0.981673
123.000000 0.984254
123.500000 0.985369
124.000000 0.985004
124.500000 0.984068
