0.000000 nan
0.500000 0.000000
1.000000 0.000000
1.500000 0.034931
2.000000 0.098244
2.500000 0.163478
3.000000 0.468659
3.500000 1.056488
4.000000 1.945227
4.500000 3.142508
5.000000 4.651778
5.500000 6.378539
6.000000 7.519653
6.500000 8.203027
7.000000 8.343371
7.500000 8.320594
8.000000 7.670384
8.500000 7.209712
9.000000 6.574167
9.500000 6.062631
10.000000 5.592037
10.500000 5.052657
11.000000 4.806855
11.500000 4.443517
12.000000 4.172814
12.500000 3.916590
13.000000 3.735512
13.500000 3.472844
14.000000 3.297650
14.500000 3.117011
15.000000 2.897653
15.500000 2.720266
16.000000 2.556897
16.500000 2.414674
17.000000 2.262213
17.500000 2.096552
18.000000 2.013876
18.500000 1.931444
19.000000 1.786713
19.500000 1.683997
20.000000 1.592073
20.500000 1.497404
21.000000 1.427364
21.500000 1.361577
22.000000 1.278198
22.500000 1.215448
23.000000 1.172784
23.500000 1.110743
24.000000 1.058077
24.500000 1.011228
25.000000 0.973237
25.500000 0.942375
26.000000 0.912524
26.500000 0.879123
27.000000 0.849524
27.500000 0.839352
28.000000 0.810678
28.500000 0.793643
29.000000 0.771465
29.500000 0.756824
30.000000 0.737978
30.500000 0.729611
31.000000 0.725103
31.500000 0.716577
32.000000 0.705078
32.500000 0.697887
33.000000 0.690876
33.500000 0.694335
34.000000 0.689588
34.500000 0.680486
35.000000 0.685477
35.500000 0.686240
36.000000 0.690375
36.500000 0.691176
37.000000 0.692256
37.500000 0.693741
38.000000 0.697322
38.500000 0.705539
39.000000 0.712505
39.500000 0.714832
40.000000 0.720897
40.500000 0.725935
41.000000 0.735237
41.500000 0.742498
42.000000 0.754361
42.500000 0.755745
43.000000 0.763578
43.500000 0.770838
44.000000 0.787858
44.500000 0.792691
45.000000 0.799729
45.500000 0.805989
46.000000 0.815925
46.500000 0.822596
47.000000 0.836307
47.500000 0.843781
48.000000 0.851003
48.500000 0.858963
49.000000 0.869728
49.500000 0.880474
50.000000 0.892096
50.500000 0.894088
51.000000 0.902045
51.500000 0.910445
52.000000 0.918909
52.500000 0.926259
53.000000 0.933338
53.500000 0.945255
54.000000 0.950687
54.500000 0.955383
55.000000 0.962133
55.500000 0.966266
56.000000 0.969614
56.500000 0.979768
57.000000 0.983474
57.500000 0.986928
58.000000 0.991355
58.500000 0.999675
59.000000 1.006886
59.500000 1.008950
60.000000 1.009815
60.500000 1.013256
61.000000 1.019384
61.500000 1.017657
62.000000 1.014750
62.500000 1.020275
63.000000 1.019313
63.500000 1.028059
64.000000 1.028311
64.500000 1.024949
65.000000 1.028296
65.500000 1.027624
66.000000 1.031858
66.500000 1.025197
67.000000 1.028610
67.500000 1.028068
68.000000 1.026104
68.500000 1.027482
69.000000 1.026209
69.500000 1.028999
70.000000 1.026473
70.500000 1.024631
71.000000 1.025550
71.500000 1.017078
72.000000 1.019835
72.500000 1.019848
73.000000 1.019307
73.500000 1.020388
74.000000 1.019138
74.500000 1.011942
75.000000 1.011158
75.500000 1.010325
76.000000 1.009117
76.500000 1.010290
77.000000 1.002121
77.500000 1.005729
78.000000 1.000136
78.500000 1.003205
79.000000 1.002098
79.500000 1.000725
80.000000 0.996794
80.500000 0.994892
81.000000 0.994858
81.500000 0.992092
82.000000 0.996527
82.500000 0.990855
83.000000 0.991263
83.500000 0.990759
84.000000 0.991208
84.500000 0.992178
85.000000 0.992912
85.500000 0.988730
86.000000 0.983302
86.500000 0.985542
87.000000 0.984731
87.500000 0.988832
88.000000 0.988182
88.500000 0.986711
89.000000 0.990523
89.500000 0.987977
90.000000 0.990065
90.500000 0.987801
91.000000 0.989773
91.500000 0.985428
92.000000 0.992126
92.500000 0.987569
93.000000 0.990263
93.500000 0.989455
94.000000 0.989821
94.500000 0.990909
95.000000 0.990904
95.500000 0.992732
96.000000 0.992811
96.500000 0.993445
97.000000 0.991583
97.500000 0.995483
98.000000 0.993906
98.500000 0.995784
99.000000 0.996967
99.500000 0.992265
100.000000 0.995671
100.500000 0.996807
101.000000 0.998103
101.500000 0.995841
102.000000 0.993147
102.500000 0.995536
103.000000 0.997871
103.500000 0.994144
104.000000 0.994886
104.500000 0.996330
105.000000 0.996535
105.500000 0.994853
106.000000 0.997055
106.500000 0.994626
107.000000 0.992560
107.500000 0.996672
108.000000 0.995254
108.500000 0.993773
109.000000 0.994353
109.500000 0.995178
110.000000 0.990583
110.500000 0.996525
111.000000 0.994504
111.500000 0.992369
112.000000 0.992893
112.500000 0.991023
113.000000 0.993336
113.500000 0.992298
114.000000 0.995793
114.500000 0.989965
115.000000 0.989864
115.500000 0.992726
116.000000 0.990970
116.500000 0.989616
117.000000 0.992186
117.500000 0.989916
118.000000 0.989300
118.500000 0.989469
119.000000 0.993271
119.500000 0.990383
120.000000 0.989892
120.500000 0.990735
121.000000 0.991491
121.500000 0.988528
122.000000 0.989056
122.500000 0.989462
123.000000 0.987306
123.500000 0.987194
124.000000 0.988374
124.500000 0.988436
