0.000000 nan
0.500000 0.000000
1.000000 0.000000
1.500000 0.000000
2.000000 0.009824
2.500000 0.041917
3.000000 0.058219
3.500000 0.147566
4.000000 0.353678
4.500000 0.811178
5.000000 1.316205
5.500000 2.016190
6.000000 2.877088
6.500000 3.630253
7.000000 4.278350
7.500000 4.662141
8.000000 4.823361
8.500000 4.792212
9.000000 4.629183
9.500000 4.456041
10.000000 4.231557
10.500000 4.039892
11.000000 3.860034
11.500000 3.688965
12.000000 3.566886
12.500000 3.416516
13.000000 3.308432
13.500000 3.192532
14.000000 3.103034
14.500000 2.932096
15.000000 2.828257
15.500000 2.705218
16.000000 2.627970
16.500000 2.506525
17.000000 2.402406
17.500000 2.310587
18.000000 2.207777
18.500000 2.095791
19.000000 2.014442
19.500000 1.898820
20.000000 1.792916
20.500000 1.715220
21.000000 1.596644
21.500000 1.516585
22.000000 1.429380
22.500000 1.350127
23.000000 1.283546
23.500000 1.230290
24.000000 1.168032
24.500000 1.122481
25.000000 1.082893
25.500000 1.044690
26.000000 1.003327
26.500000 0.970281
27.000000 0.934965
27.500000 0.906558
28.000000 0.882891
28.500000 0.854442
29.000000 0.840014
29.500000 0.819321
30.000000 0.799079
30.500000 0.786809
31.000000 0.774528
31.500000 0.760907
32.000000 0.753637
32.500000 0.748225
33.000000 0.740422
33.500000 0.727974
34.000000 0.728726
34.500000 0.725553
35.000000 0.725117
35.500000 0.723804
36.000000 0.718029
36.500000 0.721126
37.000000 0.723775
37.500000 0.728347
38.000000 0.727566
38.500000 0.724389
39.000000 0.740323
39.500000 0.739405
40.000000 0.747521
40.500000 0.747178
41.000000 0.751211
41.500000 0.756432
42.000000 0.765938
42.500000 0.776747
43.000000 0.778859
43.500000 0.789668
44.000000 0.794834
44.500000 0.803083
45.000000 0.813902
45.500000 0.812456
46.000000 0.825384
46.500000 0.835100
47.000000 0.837363
47.500000 0.852246
48.000000 0.855898
48.500000 0.865417
49.000000 0.873264
49.500000 0.879897
50.000000 0.888931
50.500000 0.894355
51.000000 0.901214
51.500000 0.908351
52.000000 0.920096
52.500000 0.923878
53.000000 0.934691
53.500000 0.938687
54.000000 0.945360
54.500000 0.949601
55.000000 0.957565
55.500000 0.962103
56.000000 0.962330
56.500000 0.968963
57.000000 0.977229
57.500000 0.977811
58.000000 0.984852
58.500000 0.988908
59.000000 0.994830
59.500000 0.996148
60.000000 1.000973
60.500000 1.000597
61.000000 1.002951
61.500000 1.008632
62.000000 1.009628
62.500000 1.015091
63.000000 1.015712
63.500000 1.015331
64.000000 1.019049
64.500000 1.018122
65.000000 1.018871
65.500000 1.020461
66.000000 1.022478
66.500000 1.021630
67.000000 1.022062
67.500000 1.022752
68.000000 1.021512
68.500000 1.022510
69.000000 1.020363
69.500000 1.023177
70.000000 1.017966
70.500000 1.019786
71.000000 1.018721
71.500000 1.019423
72.000000 1.018918
72.500000 1.014851
73.000000 1.013712
73.500000 1.015575
74.000000 1.013098
74.500000 1.012317
75.000000 1.009589
75.500000 1.007094
76.000000 1.006085
76.500000 1.007331
77.000000 1.005729
77.500000 1.006570
78.000000 1.004722
78.500000 1.003128
79.000000 1.003460
79.500000 1.000857
80.000000 0.998767
80.500000 0.999541
81.000000 0.999428
81.500000 0.997704
82.000000 0.997639
82.500000 0.996767
83.000000 0.994149
83.500000 0.996527
84.000000 0.994412
84.500000 0.993737
85.000000 0.993220
85.500000 0.993982
86.000000 0.994489
86.500000 0.992960
87.000000 0.992325
87.500000 0.995174
88.000000 0.993407
88.500000 0.996258
89.000000 0.993257
89.500000 0.993156
90.000000 0.993813
90.500000 0.995041
91.000000 0.994491
91.500000 0.996942
92.000000 0.995016
92.500000 0.995811
93.000000 0.994521
93.500000 0.995140
94.000000 0.996848
94.500000 0.994878
95.000000 0.995560
95.500000 0.993907
96.000000 0.995409
96.500000 0.998874
97.000000 0.996783
97.500000 0.996609
98.000000 0.997408
98.500000 0.996894
99.000000 0.997974
99.500000 0.996495
100.000000 0.996299
100.500000 0.997519
101.000000 0.997127
101.500000 0.999640
102.000000 0.996694
102.500000 0.996783
103.000000 0.996478
103.500000 0.995524
104.000000 0.994568
104.500000 0.996320
105.000000 0.994991
105.500000 0.994468
106.000000 0.992424
106.500000 0.993954
107.000000 0.991158
107.500000 0.994855
108.000000 0.993146
108.500000 0.991888
109.000000 0.993234
109.500000 0.991977
110.000000 0.991592
110.500000 0.990374
111.000000 0.990668
111.500000 0.992771
112.000000 0.989490
112.500000 0.989475
113.000000 0.988653
113.500000 0.989061
114.000000 0.987658
114.500000 0.990399
115.000000 0.988350
115.500000 0.986210
116.000000 0.987813
116.500000 0.989090
117.000000 0.987483
117.500000 0.988395
118.000000 0.986060
118.500000 0.985424
119.000000 0.987191
119.500000 0.987691
120.000000 0.987221
120.500000 0.986299
121.000000 0.986598
121.500000 0.985781
122.000000 0.986652
122.500000 0.986462
123.000000 0.987381
123.500000 0.986194
124.000000 0.986483
124.500000 0.986803
