0.000000 nan
0.500000 0.000000
1.000000 0.000000
1.500000 0.000000
2.000000 0.000000
2.500000 0.000000
3.000000 0.000000
3.500000 0.000000
4.000000 0.000819
4.500000 0.004528
5.000000 0.006288
5.500000 0.016455
6.000000 0.034567
6.500000 0.066038
7.000000 0.115487
7.500000 0.189792
8.000000 0.279585
8.500000 0.413734
9.000000 0.538683
9.500000 0.633550
10.000000 0.758442
10.500000 0.813277
11.000000 0.844518
11.500000 0.886980
12.000000 0.896748
12.500000 0.879594
13.000000 0.894464
13.500000 0.887509
14.000000 0.852181
14.500000 0.879093
15.000000 0.885329
15.500000 0.893633
16.000000 0.897191
16.500000 0.908739
17.000000 0.926370
17.500000 0.950626
18.000000 0.967802
18.500000 0.976094
19.000000 0.986901
19.500000 0.996605
20.000000 1.015186
20.500000 1.002550
21.000000 1.020844
21.500000 1.017811
22.000000 1.025064
22.500000 1.019368
23.000000 1.033968
23.500000 1.034603
24.000000 1.038314
24.500000 1.043526
25.000000 1.049569
25.500000 1.036814
26.000000 1.037857
26.500000 1.040603
27.000000 1.038069
27.500000 1.044522
28.000000 1.038911
28.500000 1.036371
29.000000 1.025863
29.500000 1.038044
30.000000 1.031851
30.500000 1.025305
31.000000 1.023821
31.500000 1.023141
32.000000 1.019842
32.500000 1.020005
33.000000 1.016936
33.500000 1.008797
34.000000 1.009146
34.500000 1.010769
35.000000 1.010572
35.500000 1.001368
36.000000 1.005230
36.500000 0.998683
37.000000 0.996972
37.500000 0.998527
38.000000 0.994367
38.500000 0.995237
39.000000 0.994728
39.500000 0.997695
40.000000 0.992049
40.500000 0.992550
41.000000 0.992482
41.500000 0.990532
42.000000 0.990302
42.500000 0.991229
43.000000 0.990096
43.500000 0.986462
44.000000 0.986268
44.500000 0.988320
45.000000 0.987910
45.500000 0.985521
46.000000 0.990411
46.500000 0.987528
47.000000 0.986186
47.500000 0.987380
48.000000 0.984439
48.500000 0.985001
49.000000 0.993164
49.500000 0.985219
50.000000 0.993934
50.500000 0.990524
51.000000 0.989262
51.500000 0.988153
52.000000 0.985156
52.500000 0.986735
53.000000 0.987166
53.500000 0.987460
54.000000 0.988655
54.500000 0.986042
55.000000 0.988622
55.500000 0.988720
56.000000 0.984982
56.500000 0.986485
57.000000 0.983946
57.500000 0.987585
58.000000 0.988583
58.500000 0.983779
59.000000 0.983601
59.500000 0.984067
60.000000 0.984046
60.500000 0.983731
61.000000 0.984388
61.500000 0.982709
62.000000 0.981675
62.500000 0.983026
63.000000 0.982138
63.500000 0.984018
64.000000 0.984699
64.500000 0.983742
65.000000 0.985129
65.500000 0.985440
66.000000 0.985689
66.500000 0.983621
67.000000 0.985589
67.500000 0.985406
68.000000 0.986684
68.500000 0.987868
69.000000 0.988086
69.500000 0.989796
70.000000 0.989664
70.500000 0.991813
71.000000 0.989849
71.500000 0.990822
72.000000 0.991701
72.500000 0.994114
73.000000 0.993905
73.500000 0.991548
74.000000 0.993394
74.500000 0.993791
75.000000 0.995449
75.500000 0.993763
76.000000 0.993040
76.500000 0.993281
77.000000 0.996198
77.500000 0.993014
78.000000 0.992103
78.500000 0.994759
79.000000 0.995909
79.500000 0.999353
80.000000 0.993292
80.500000 0.994163
81.000000 0.998350
81.500000 0.995460
82.000000 0.994020
82.500000 0.996815
83.000000 0.994995
83.500000 0.997249
84.000000 0.995825
84.500000 0.996869
85.000000 0.997046
85.500000 0.996748
86.000000 0.997168
86.500000 1.000152
87.000000 0.993699
87.500000 0.999212
88.000000 0.993822
88.500000 0.994639
89.000000 0.994626
89.500000 0.997189
90.000000 0.993626
90.500000 0.995356
91.000000 0.992123
91.500000 0.995770
92.000000 0.993733
92.500000 0.996022
93.000000 0.994362
93.500000 0.995537
94.000000 0.995561
94.500000 0.995537
95.000000 0.994064
95.500000 0.993921
96.000000 0.995641
96.500000 0.993911
97.000000 0.994270
97.500000 0.993145
98.000000 0.993828
98.500000 0.993859
99.000000 0.990174
99.500000 0.992112
100.000000 0.992605
100.500000 0.990709
101.000000 0.990875
101.500000 0.990722
102.000000 0.991468
102.500000 0.990991
103.000000 0.991407
103.500000 0.991745
104.000000 0.989984
104.500000 0.989075
105.000000 0.991120
105.500000 0.991893
106.000000 0.991872
106.500000 0.989161
107.000000 0.989498
107.500000 0.988762
108.000000 0.990124
108.500000 0.990139
109.000000 0.991083
109.500000 0.990311
110.000000 0.991948
110.500000 0.990618
111.000000 0.990180
111.500000 0.991363
112.000000 0.990809
112.500000 0.990286
113.000000 0.991152
113.500000 0.992277
114.000000 0.989220
114.500000 0.991603
115.000000 0.992513
115.500000 0.990307
116.000000 0.992757
116.500000 0.991474
117.000000 0.994137
117.500000 0.991027
118.000000 0.990660
118.500000 0.991032
119.000000 0.992868
119.500000 0.991310
120.000000 0.990078
120.500000 0.992438
121.000000 0.992647
121.500000 0.991306
122.000000 0.991530
122.500000 0.991734
123.000000 0.990734
123.500000 0.992352
124.000000 0.993537
124.500000 0.991598
