# q  S_avg  S_stderr  n_modes
5.000000000000000104e-03 6.075000000000000000e+03 0.000000000000000000e+00 1.000000000000000000e+00
2.500000000000000139e-02 7.703219999999999512e-02 1.641259376710458087e-02 5.000000000000000000e+00
3.500000000000000333e-02 2.435750000000000137e-01 0.000000000000000000e+00 1.000000000000000000e+00
4.499999999999999833e-02 4.039333333333333664e-01 6.825243984120844820e-02 9.000000000000000000e+00
5.500000000000000028e-02 1.137914000000000092e+00 3.259753296126360333e-01 6.000000000000000000e+00
6.500000000000000222e-02 2.594284000000000034e+00 5.392091684111887107e-01 1.500000000000000000e+01
7.500000000000001110e-02 3.613408307692307808e+00 1.000821546395269213e+00 1.300000000000000000e+01
8.499999999999999223e-02 4.542976777777777642e+00 8.029381361691375618e-01 1.800000000000000000e+01
9.500000000000000111e-02 3.745672499999999960e+00 6.704451617033660993e-01 1.800000000000000000e+01
1.050000000000000100e-01 3.302241464285714745e+00 5.022522721502498122e-01 2.800000000000000000e+01
1.149999999999999911e-01 4.298893523809523387e+00 7.542054843441750034e-01 2.100000000000000000e+01
1.250000000000000000e-01 3.199232857142857434e+00 4.725681695250399383e-01 4.200000000000000000e+01
1.350000000000000089e-01 1.709509757575757405e+00 1.617840542079656274e-01 3.300000000000000000e+01
1.450000000000000178e-01 1.504477020408163224e+00 1.681556837122373527e-01 4.900000000000000000e+01
1.549999999999999989e-01 1.836759437500000258e+00 1.733548265863657234e-01 4.800000000000000000e+01
1.650000000000000078e-01 1.290884462962962775e+00 1.140252783526263941e-01 5.400000000000000000e+01
1.749999999999999889e-01 1.392960035087719151e+00 1.330472589417469320e-01 5.700000000000000000e+01
1.849999999999999978e-01 1.321531171052631848e+00 9.565088797710979973e-02 7.600000000000000000e+01
1.950000000000000067e-01 1.270652122222222236e+00 8.614813733398890561e-02 9.000000000000000000e+01
2.050000000000000155e-01 1.088093952380952523e+00 7.387433292030866350e-02 6.300000000000000000e+01
2.149999999999999967e-01 1.052187596330275143e+00 7.316749325942040194e-02 1.090000000000000000e+02
2.250000000000000056e-01 9.295342051282053930e-01 7.373717879432716005e-02 7.800000000000000000e+01
2.349999999999999867e-01 8.707050793650794596e-01 4.285819107510159542e-02 1.260000000000000000e+02
2.449999999999999956e-01 7.427918431372547703e-01 3.778454907892894038e-02 1.020000000000000000e+02
2.550000000000000044e-01 7.540873448275863256e-01 3.518126085592555852e-02 1.450000000000000000e+02
2.650000000000000133e-01 7.070963412698413331e-01 3.182720601404105676e-02 1.260000000000000000e+02
2.750000000000000222e-01 6.750106124031007848e-01 3.089878507144559749e-02 1.290000000000000000e+02
2.850000000000000311e-01 6.762686732026144121e-01 2.232958220596465912e-02 1.530000000000000000e+02
2.949999999999999845e-01 6.488866404494382234e-01 1.925492275652408367e-02 1.780000000000000000e+02
3.049999999999999933e-01 6.784825977011493814e-01 1.936302405046209235e-02 1.740000000000000000e+02
3.150000000000000022e-01 6.299584391534390759e-01 1.614755569087629114e-02 1.890000000000000000e+02
3.250000000000000111e-01 6.248037202072539431e-01 1.557158257996813649e-02 1.930000000000000000e+02
3.350000000000000200e-01 6.162157843137253677e-01 1.761059527307164488e-02 2.040000000000000000e+02
3.450000000000000289e-01 6.380486536796536878e-01 1.501767311303672629e-02 2.310000000000000000e+02
3.549999999999999822e-01 6.234116153846155362e-01 1.405957160561637116e-02 2.340000000000000000e+02
3.649999999999999911e-01 6.376329621848738638e-01 1.405591929150325041e-02 2.380000000000000000e+02
3.750000000000000000e-01 6.317879659863946396e-01 1.197450910369978958e-02 2.940000000000000000e+02
3.850000000000000089e-01 6.155548294573643942e-01 1.070094714874762071e-02 2.580000000000000000e+02
3.950000000000000178e-01 6.243735190839695415e-01 1.148042223416205487e-02 2.620000000000000000e+02
4.050000000000000266e-01 6.002012253086420612e-01 8.048138447342534363e-03 3.240000000000000000e+02
4.150000000000000355e-01 6.211940925925926171e-01 9.361150602404515533e-03 3.240000000000000000e+02
4.249999999999999889e-01 6.038754444444444092e-01 8.643415387905532127e-03 3.240000000000000000e+02
4.349999999999999978e-01 5.960255767045453679e-01 8.363759954211845080e-03 3.520000000000000000e+02
4.450000000000000067e-01 6.087058708010335550e-01 7.090696367597761757e-03 3.870000000000000000e+02
4.550000000000000155e-01 6.052241415929203727e-01 7.959948165657966188e-03 3.390000000000000000e+02
4.650000000000000244e-01 6.244470909090908961e-01 7.059007649614751703e-03 3.960000000000000000e+02
4.749999999999999778e-01 6.157166995412844956e-01 6.568712715755356882e-03 4.360000000000000000e+02
4.849999999999999867e-01 6.461818967136150338e-01 7.283336198301151171e-03 4.260000000000000000e+02
4.949999999999999956e-01 6.486522857142856813e-01 6.741176779006107650e-03 4.410000000000000000e+02
5.050000000000000044e-01 6.662423025404157206e-01 7.176720100617223902e-03 4.330000000000000000e+02
5.150000000000000133e-01 6.965746447105788386e-01 6.486336458365753004e-03 5.010000000000000000e+02
5.250000000000000222e-01 7.136354444444444889e-01 6.976389187224975481e-03 4.860000000000000000e+02
5.350000000000000311e-01 7.449736514285714151e-01 6.730602229354364953e-03 5.250000000000000000e+02
5.450000000000000400e-01 7.792306939501778551e-01 6.553022344170079949e-03 5.620000000000000000e+02
5.550000000000000488e-01 8.032220198198198879e-01 6.563231842026635149e-03 5.550000000000000000e+02
5.650000000000000577e-01 8.543572298245613039e-01 7.531376289237250686e-03 5.700000000000000000e+02
5.749999999999999556e-01 8.799108967851099194e-01 7.231282852686629105e-03 5.910000000000000000e+02
5.849999999999999645e-01 9.118554385665529338e-01 7.647961193137245775e-03 5.860000000000000000e+02
5.949999999999999734e-01 9.456130469696969465e-01 7.344306522363766923e-03 6.600000000000000000e+02
6.049999999999999822e-01 9.937538477929983571e-01 7.463944126064751654e-03 6.570000000000000000e+02
6.149999999999999911e-01 1.027071431009957347e+00 7.426177622081433193e-03 7.030000000000000000e+02
6.250000000000000000e-01 1.064517515432098937e+00 8.062598688690844617e-03 6.480000000000000000e+02
6.350000000000000089e-01 1.107749434074074113e+00 8.141741230379900135e-03 6.750000000000000000e+02
6.450000000000000178e-01 1.136315876777251210e+00 8.484949211365337002e-03 6.330000000000000000e+02
6.550000000000000266e-01 1.169379655068078616e+00 9.109411144802924409e-03 6.610000000000000000e+02
6.650000000000000355e-01 1.195387428333333446e+00 8.878766910148893493e-03 6.000000000000000000e+02
6.750000000000000444e-01 1.217071108943089452e+00 9.573729502618935627e-03 6.150000000000000000e+02
6.850000000000000533e-01 1.252951564056939526e+00 1.041512510108964264e-02 5.620000000000000000e+02
6.950000000000000622e-01 1.234830326203208539e+00 9.356415522574056814e-03 5.610000000000000000e+02
7.050000000000000711e-01 1.267009494444444329e+00 1.006931696926681961e-02 5.400000000000000000e+02
7.149999999999999689e-01 1.282854622103386744e+00 9.927016680516253036e-03 5.610000000000000000e+02
7.249999999999999778e-01 1.266924040618955472e+00 9.932746120056314826e-03 5.170000000000000000e+02
7.349999999999999867e-01 1.281130726851851920e+00 1.188084950917609253e-02 4.320000000000000000e+02
7.449999999999999956e-01 1.256482755020080111e+00 1.022508287195868920e-02 4.980000000000000000e+02
7.550000000000000044e-01 1.244330006493506335e+00 1.067731065696972403e-02 4.620000000000000000e+02
7.650000000000000133e-01 1.234604038277511862e+00 1.052454162166985285e-02 4.180000000000000000e+02
7.750000000000000222e-01 1.230472061224489932e+00 1.073519730557513478e-02 4.410000000000000000e+02
7.850000000000000311e-01 1.209113380577427677e+00 1.152843254288400156e-02 3.810000000000000000e+02
7.950000000000000400e-01 1.168194803468208143e+00 1.177299352473871324e-02 3.460000000000000000e+02
8.050000000000000488e-01 1.174719142857142851e+00 1.170202342447740872e-02 3.360000000000000000e+02
8.150000000000000577e-01 1.137376952802359842e+00 1.116260096795186445e-02 3.390000000000000000e+02
8.250000000000000666e-01 1.113827315018315112e+00 1.275930604465216021e-02 2.730000000000000000e+02
8.349999999999999645e-01 1.099653138059701440e+00 1.277022370895144858e-02 2.680000000000000000e+02
8.449999999999999734e-01 1.088820900000000202e+00 1.312304575235767427e-02 2.400000000000000000e+02
8.549999999999999822e-01 1.057933310185185327e+00 1.343174308981996516e-02 2.160000000000000000e+02
8.649999999999999911e-01 1.062796689265536720e+00 1.457383551506100799e-02 1.770000000000000000e+02
8.750000000000000000e-01 1.059191366906474752e+00 1.464578112325047761e-02 1.390000000000000000e+02
8.850000000000000089e-01 1.010446619999999962e+00 1.497436056163529983e-02 1.500000000000000000e+02
8.950000000000000178e-01 1.009924412280701844e+00 1.606997824474724890e-02 1.140000000000000000e+02
9.050000000000000266e-01 1.026414318681318827e+00 1.911565637628447403e-02 9.100000000000000000e+01
9.150000000000000355e-01 9.998284197530862283e-01 2.058144002147745816e-02 8.100000000000000000e+01
9.250000000000000444e-01 9.559108765432097199e-01 1.828928765833136988e-02 8.100000000000000000e+01
9.350000000000000533e-01 9.357893636363636691e-01 2.159079671016759377e-02 6.600000000000000000e+01
9.450000000000000622e-01 9.235412363636361643e-01 2.582262706053974760e-02 5.500000000000000000e+01
9.550000000000000711e-01 9.021298222222221552e-01 2.459804641664543531e-02 4.500000000000000000e+01
9.649999999999999689e-01 9.420746999999998206e-01 3.422257212013127270e-02 3.000000000000000000e+01
9.749999999999999778e-01 9.032054545454548666e-01 3.920325549123915981e-02 2.200000000000000000e+01
9.849999999999999867e-01 9.237069523809522398e-01 3.758810809744386056e-02 2.100000000000000000e+01
9.949999999999999956e-01 9.027711904761902550e-01 3.580557640844569955e-02 2.100000000000000000e+01
1.004999999999999893e+00 9.510441333333333747e-01 5.193958622081239901e-02 1.500000000000000000e+01
1.015000000000000124e+00 8.302907000000001592e-01 3.492968998528011432e-02 1.000000000000000000e+01
1.024999999999999911e+00 8.677008333333332546e-01 4.977378001814253966e-02 6.000000000000000000e+00
1.044999999999999929e+00 7.296719999999999873e-01 8.828751770399557997e-02 3.000000000000000000e+00
1.055000000000000160e+00 8.616030000000000078e-01 0.000000000000000000e+00 1.000000000000000000e+00
