0.000000 nan
0.500000 0.000000
1.000000 0.000000
1.500000 0.000000
2.000000 0.000000
2.500000 0.000000
3.000000 0.000000
3.500000 0.000000
4.000000 0.017466
4.500000 0.069000
5.000000 0.120163
5.500000 0.221712
6.000000 0.362896
6.500000 0.553937
7.000000 0.779891
7.500000 1.042034
8.000000 1.329566
8.500000 1.593536
9.000000 1.752594
9.500000 1.846221
10.000000 1.845761
10.500000 1.795191
11.000000 1.791591
11.500000 1.647112
12.000000 1.531633
12.500000 1.424519
13.000000 1.383603
13.500000 1.276495
14.000000 1.281046
14.500000 1.220803
15.000000 1.135494
15.500000 1.162578
16.000000 1.119433
16.500000 1.097780
17.000000 1.087337
17.500000 1.101143
18.000000 1.086746
18.500000 1.068397
19.000000 1.047740
19.500000 1.052940
20.000000 1.033961
20.500000 1.010073
21.000000 1.022587
21.500000 1.013966
22.000000 1.023251
22.500000 0.991112
23.000000 0.982298
23.500000 0.974846
24.000000 0.952601
24.500000 0.960555
25.000000 0.949009
25.500000 0.941703
26.000000 0.926398
26.500000 0.951161
27.000000 0.931784
27.500000 0.937655
28.000000 0.949913
28.500000 0.942936
29.000000 0.939195
29.500000 0.914933
30.000000 0.916360
30.500000 0.917578
31.000000 0.916715
31.500000 0.933750
32.000000 0.920626
32.500000 0.929557
33.000000 0.932267
33.500000 0.925251
34.000000 0.924950
34.500000 0.937777
35.000000 0.937295
35.500000 0.938186
36.000000 0.928047
36.500000 0.940866
37.000000 0.953219
37.500000 0.942277
38.000000 0.946721
38.500000 0.947318
39.000000 0.956300
39.500000 0.947288
40.000000 0.954318
40.500000 0.950663
41.000000 0.956543
41.500000 0.955660
42.000000 0.947972
42.500000 0.953492
43.000000 0.964545
43.500000 0.965389
44.000000 0.961436
44.500000 0.960414
45.000000 0.959373
45.500000 0.979371
46.000000 0.968959
46.500000 0.977538
47.000000 0.969596
47.500000 0.969974
48.000000 0.977071
48.500000 0.968939
49.000000 0.971263
49.500000 0.975577
50.000000 0.975920
50.500000 0.973346
51.000000 0.968832
51.500000 0.975056
52.000000 0.982257
52.500000 0.977983
53.000000 0.981852
53.500000 0.974545
54.000000 0.971076
54.500000 0.981705
55.000000 0.982852
55.500000 0.978196
56.000000 0.992686
56.500000 0.980249
57.000000 0.982888
57.500000 0.986133
58.000000 0.976535
58.500000 0.980960
59.000000 0.987725
59.500000 0.983706
60.000000 0.981429
60.500000 0.979513
61.000000 0.976325
61.500000 0.974054
62.000000 0.972601
62.500000 0.980119
63.000000 0.983123
63.500000 0.970232
64.000000 0.973211
64.500000 0.972589
65.000000 0.969324
65.500000 0.975116
66.000000 0.971512
66.500000 0.970449
67.000000 0.966244
67.500000 0.965291
68.000000 0.966106
68.500000 0.969369
69.000000 0.966905
69.500000 0.968634
70.000000 0.972126
70.500000 0.968085
71.000000 0.969729
71.500000 0.970111
72.000000 0.965889
72.500000 0.972110
73.000000 0.966522
73.500000 0.960283
74.000000 0.977178
74.500000 0.962457
75.000000 0.962832
75.500000 0.963285
76.000000 0.967222
76.500000 0.970569
77.000000 0.968515
77.500000 0.966667
78.000000 0.969356
78.500000 0.963067
79.000000 0.970001
79.500000 0.959330
80.000000 0.967090
80.500000 0.964881
81.000000 0.959746
81.500000 0.964078
82.000000 0.963172
82.500000 0.959354
83.000000 0.958753
83.500000 0.964770
84.000000 0.968646
84.500000 0.962470
85.000000 0.960599
85.500000 0.970823
86.000000 0.970109
86.500000 0.965779
87.000000 0.962408
87.500000 0.965356
88.000000 0.964675
88.500000 0.967194
89.000000 0.960987
89.500000 0.962264
90.000000 0.967256
90.500000 0.963276
91.000000 0.969061
91.500000 0.968338
92.000000 0.971377
92.500000 0.965052
93.000000 0.967781
93.500000 0.969549
94.000000 0.971240
94.500000 0.969274
95.000000 0.965167
95.500000 0.966899
96.000000 0.967891
96.500000 0.969575
97.000000 0.966971
97.500000 0.973122
98.000000 0.963021
98.500000 0.971163
99.000000 0.969375
99.500000 0.967991
100.000000 0.970296
100.500000 0.972445
101.000000 0.966011
101.500000 0.967449
102.000000 0.969859
102.500000 0.970149
103.000000 0.972237
103.500000 0.968560
104.000000 0.970327
104.500000 0.969201
105.000000 0.968985
105.500000 0.974999
106.000000 0.968316
106.500000 0.967819
107.000000 0.970395
107.500000 0.973698
108.000000 0.970884
108.500000 0.969867
109.000000 0.972897
109.500000 0.969148
110.000000 0.971651
110.500000 0.966734
111.000000 0.972985
111.500000 0.971348
112.000000 0.970815
112.500000 0.973327
113.000000 0.970521
113.500000 0.972559
114.000000 0.968761
114.500000 0.972127
115.000000 0.974722
115.500000 0.972392
116.000000 0.970388
116.500000 0.973683
117.000000 0.970207
117.500000 0.971769
118.000000 0.973937
118.500000 0.971119
119.000000 0.971727
119.500000 0.971714
120.000000 0.975631
120.500000 0.975048
121.000000 0.971129
121.500000 0.968207
122.000000 0.972143
122.500000 0.971053
123.000000 0.975763
123.500000 0.975376
124.000000 0.968825
124.500000 0.972269
