0.000000 nan
0.500000 0.158415
1.000000 0.257425
1.500000 0.246424
2.000000 0.158415
2.500000 0.202771
3.000000 0.253024
3.500000 0.294200
4.000000 0.324256
4.500000 0.354967
5.000000 0.403959
5.500000 0.435969
6.000000 0.448293
6.500000 0.558202
7.000000 0.591632
7.500000 0.637885
8.000000 0.701730
8.500000 0.777550
9.000000 0.819456
9.500000 0.867334
10.000000 0.906927
10.500000 0.943666
11.000000 1.001059
11.500000 1.013378
12.000000 1.015672
12.500000 1.037683
13.000000 1.043290
13.500000 1.054145
14.000000 1.076172
14.500000 1.071421
15.000000 1.037179
15.500000 1.050551
16.000000 1.037743
16.500000 1.037408
17.000000 1.020928
17.500000 1.031768
18.000000 1.014908
18.500000 1.006671
19.000000 1.010006
19.500000 1.002359
20.000000 0.997421
20.500000 1.003170
21.000000 0.996201
21.500000 0.979621
22.000000 0.984285
22.500000 0.976933
23.000000 0.977218
23.500000 0.979750
24.000000 0.983563
24.500000 0.988297
25.000000 0.980495
25.500000 0.977807
26.000000 0.985291
26.500000 0.979788
27.000000 0.980044
27.500000 0.980629
28.000000 0.983401
28.500000 0.983256
29.000000 0.978910
29.500000 0.990675
30.000000 0.990623
30.500000 0.990659
31.000000 0.985191
31.500000 0.987750
32.000000 0.990288
32.500000 0.989523
33.000000 0.987894
33.500000 0.989751
34.000000 0.994274
34.500000 0.986160
35.000000 0.989674
35.500000 0.996403
36.000000 0.992524
36.500000 1.000284
37.000000 0.995562
37.500000 0.988553
38.000000 0.991027
38.500000 0.989059
39.000000 0.995875
39.500000 0.998046
40.000000 0.992273
40.500000 0.996849
41.000000 0.996774
41.500000 0.996298
42.000000 0.993518
42.500000 0.990122
43.000000 0.994282
43.500000 0.998283
44.000000 0.992959
44.500000 0.996869
45.000000 0.993038
45.500000 0.998995
46.000000 0.997244
46.500000 0.995731
47.000000 0.997992
47.500000 0.993381
48.000000 0.993850
48.500000 0.994283
49.000000 0.991389
49.500000 0.993808
50.000000 0.992653
50.500000 0.991807
51.000000 0.994800
51.500000 0.997467
52.000000 0.996532
52.500000 0.990422
53.000000 0.997102
53.500000 0.993419
54.000000 0.994101
54.500000 0.989111
55.000000 0.991168
55.500000 0.994675
56.000000 0.991560
56.500000 0.992765
57.000000 0.990917
57.500000 0.990140
58.000000 0.989930
58.500000 0.991961
59.000000 0.992996
59.500000 0.989303
60.000000 0.989930
60.500000 0.990346
61.000000 0.988738
61.500000 0.990343
62.000000 0.992119
62.500000 0.990264
63.000000 0.988673
63.500000 0.990603
64.000000 0.989108
64.500000 0.989126
65.000000 0.989110
65.500000 0.993005
66.000000 0.994581
66.500000 0.989954
67.000000 0.989834
67.500000 0.990679
68.000000 0.987354
68.500000 0.992156
69.000000 0.992183
69.500000 0.993807
70.000000 0.989125
70.500000 0.989427
71.000000 0.988535
71.500000 0.991111
72.000000 0.991539
72.500000 0.992074
73.000000 0.990295
73.500000 0.990958
74.000000 0.994080
74.500000 0.990764
75.000000 0.990105
75.500000 0.993991
76.000000 0.991631
76.500000 0.992827
77.000000 0.994894
77.500000 0.993848
78.000000 0.992594
78.500000 0.991770
79.000000 0.989819
79.500000 0.999088
80.000000 0.994299
80.500000 0.995477
81.000000 0.993741
81.500000 0.994961
82.000000 0.997360
82.500000 0.992680
83.000000 0.996542
83.500000 0.994018
84.000000 0.997759
84.500000 0.996006
85.000000 0.996612
85.500000 0.996971
86.000000 0.997112
86.500000 0.999383
87.000000 0.999615
87.500000 0.997294
88.000000 0.996638
88.500000 0.997683
89.000000 0.994805
89.500000 0.997735
90.000000 0.997536
90.500000 0.997859
91.000000 1.000346
91.500000 0.998745
92.000000 0.999025
92.500000 0.998668
93.000000 0.998236
93.500000 0.996531
94.000000 0.999083
94.500000 0.998937
95.000000 0.998020
95.500000 0.997947
96.000000 0.997819
96.500000 0.996764
97.000000 0.996634
97.500000 0.995857
98.000000 0.998752
98.500000 0.995067
99.000000 0.994998
99.500000 0.996662
100.000000 0.992398
100.500000 0.997836
101.000000 0.993470
101.500000 0.995345
102.000000 0.994278
102.500000 0.991875
103.000000 0.990507
103.500000 0.992438
104.000000 0.991226
104.500000 0.989437
105.000000 0.992370
105.500000 0.992099
106.000000 0.990334
106.500000 0.991751
107.000000 0.990256
107.500000 0.991790
108.000000 0.990168
108.500000 0.990720
109.000000 0.991380
109.500000 0.994297
110.000000 0.988897
110.500000 0.991244
111.000000 0.989981
111.500000 0.992782
112.000000 0.991298
112.500000 0.991928
113.000000 0.990312
113.500000 0.989716
114.000000 0.990258
114.500000 0.990046
115.000000 0.990962
115.500000 0.990622
116.000000 0.991524
116.500000 0.990364
117.000000 0.992286
117.500000 0.991320
118.000000 0.990659
118.500000 0.989034
119.000000 0.990500
119.500000 0.990142
120.000000 0.990898
120.500000 0.989898
121.000000 0.990373
121.500000 0.989940
122.000000 0.989845
122.500000 0.992757
123.000000 0.992896
123.500000 0.989185
124.000000 0.991832
124.500000 0.993755
