0.000000 nan
0.500000 0.475245
1.000000 0.079208
1.500000 0.140813
2.000000 0.198019
2.500000 0.323167
3.000000 0.242023
3.500000 0.300665
4.000000 0.326731
4.500000 0.338343
5.000000 0.408711
5.500000 0.466081
6.000000 0.493947
6.500000 0.523989
7.000000 0.601331
7.500000 0.634365
8.000000 0.718437
8.500000 0.778920
9.000000 0.808211
9.500000 0.867992
10.000000 0.909303
10.500000 0.928219
11.000000 1.003187
11.500000 0.990319
12.000000 1.034099
12.500000 1.067084
13.000000 1.040244
13.500000 1.051972
14.000000 1.038993
14.500000 1.032241
15.000000 1.036211
15.500000 1.060607
16.000000 1.035268
16.500000 1.035154
17.000000 1.023669
17.500000 1.009072
18.000000 1.013808
18.500000 0.991917
19.000000 1.003588
19.500000 0.999859
20.000000 0.993659
20.500000 0.977066
21.000000 0.979947
21.500000 0.981163
22.000000 0.998359
22.500000 0.975055
23.000000 1.005292
23.500000 0.972722
24.000000 0.970705
24.500000 0.966656
25.000000 0.975457
25.500000 0.984842
26.000000 0.986052
26.500000 0.985851
27.000000 0.984390
27.500000 0.981074
28.000000 0.970343
28.500000 0.995251
29.000000 0.983973
29.500000 0.987171
30.000000 0.993395
30.500000 0.993916
31.000000 0.987292
31.500000 0.986333
32.000000 0.982940
32.500000 0.996347
33.000000 0.984749
33.500000 0.989133
34.000000 0.999310
34.500000 0.994379
35.000000 0.986312
35.500000 0.995398
36.000000 1.002074
36.500000 0.996092
37.000000 0.991020
37.500000 0.988285
38.000000 0.993742
38.500000 0.991477
39.000000 0.995276
39.500000 0.993287
40.000000 0.991010
40.500000 1.001702
41.000000 0.986490
41.500000 0.988985
42.000000 0.987625
42.500000 1.000614
43.000000 1.002732
43.500000 0.991701
44.000000 0.995638
44.500000 0.992910
45.000000 0.985010
45.500000 0.989344
46.000000 1.000370
46.500000 0.995072
47.000000 0.995652
47.500000 0.992004
48.000000 0.994547
48.500000 0.989771
49.000000 0.998754
49.500000 0.997170
50.000000 0.989651
50.500000 0.996831
51.000000 0.997297
51.500000 0.986657
52.000000 0.983650
52.500000 0.998252
53.000000 0.987218
53.500000 0.986563
54.000000 0.995093
54.500000 0.988238
55.000000 0.987555
55.500000 0.995054
56.000000 0.996119
56.500000 0.995612
57.000000 0.995312
57.500000 0.985444
58.000000 0.990295
58.500000 0.992001
59.000000 0.994372
59.500000 0.992956
60.000000 0.994055
60.500000 0.990330
61.000000 0.995885
61.500000 0.992050
62.000000 0.988889
62.500000 0.990447
63.000000 0.987041
63.500000 0.990623
64.000000 0.987619
64.500000 0.989093
65.000000 0.993600
65.500000 0.990812
66.000000 0.990695
66.500000 0.989492
67.000000 0.991206
67.500000 0.989823
68.000000 0.992853
68.500000 0.987316
69.000000 0.990103
69.500000 0.990011
70.000000 0.994904
70.500000 0.990571
71.000000 0.990684
71.500000 0.991448
72.000000 0.991775
72.500000 0.990952
73.000000 0.995052
73.500000 0.989924
74.000000 0.995193
74.500000 0.987560
75.000000 0.989257
75.500000 0.991121
76.000000 0.995628
76.500000 0.990790
77.000000 0.993401
77.500000 0.991649
78.000000 0.989229
78.500000 0.993756
79.000000 0.992938
79.500000 0.994542
80.000000 0.994247
80.500000 0.990735
81.000000 0.996849
81.500000 0.988352
82.000000 0.993399
82.500000 0.993439
83.000000 0.995711
83.500000 0.993882
84.000000 0.989775
84.500000 0.991913
85.000000 0.991882
85.500000 0.994530
86.000000 0.990930
86.500000 0.993502
87.000000 0.992475
87.500000 0.992788
88.000000 0.991854
88.500000 0.988713
89.000000 0.991065
89.500000 0.993782
90.000000 0.996896
90.500000 0.991365
91.000000 0.994222
91.500000 0.990794
92.000000 0.991887
92.500000 0.995916
93.000000 0.993570
93.500000 0.993437
94.000000 0.991229
94.500000 0.993491
95.000000 0.993149
95.500000 0.990302
96.000000 0.994499
96.500000 0.991293
97.000000 0.993487
97.500000 0.989248
98.000000 0.989171
98.500000 0.994114
99.000000 0.993954
99.500000 0.995234
100.000000 0.990914
100.500000 0.989949
101.000000 0.989769
101.500000 0.990382
102.000000 0.988024
102.500000 0.994323
103.000000 0.991909
103.500000 0.992804
104.000000 0.993665
104.500000 0.989169
105.000000 0.993432
105.500000 0.991919
106.000000 0.993263
106.500000 0.992807
107.000000 0.991997
107.500000 0.991660
108.000000 0.991847
108.500000 0.985828
109.000000 0.990815
109.500000 0.992455
110.000000 0.988736
110.500000 0.989241
111.000000 0.990358
111.500000 0.989775
112.000000 0.993132
112.500000 0.991321
113.000000 0.994592
113.500000 0.991969
114.000000 0.992136
114.500000 0.992178
115.000000 0.993419
115.500000 0.994666
116.000000 0.989344
116.500000 0.991489
117.000000 0.990488
117.500000 0.989417
118.000000 0.990248
118.500000 0.990444
119.000000 0.989695
119.500000 0.990629
120.000000 0.991775
120.500000 0.990405
121.000000 0.989078
121.500000 0.988906
122.000000 0.989834
122.500000 0.988138
123.000000 0.991681
123.500000 0.990483
124.000000 0.987506
124.500000 0.989818
