0.000000 nan
0.500000 0.792076
1.000000 0.237623
1.500000 0.228822
2.000000 0.148514
2.500000 0.291484
3.000000 0.268426
3.500000 0.261870
4.000000 0.356434
4.500000 0.367680
5.000000 0.415048
5.500000 0.460844
6.000000 0.473045
6.500000 0.541799
7.000000 0.615071
7.500000 0.689282
8.000000 0.713487
8.500000 0.783305
9.000000 0.810655
9.500000 0.891250
10.000000 0.919204
10.500000 0.983180
11.000000 0.996313
11.500000 1.025656
12.000000 1.029423
12.500000 1.055172
13.000000 1.036963
13.500000 1.058926
14.000000 1.067888
14.500000 1.047122
15.000000 1.048532
15.500000 1.057969
16.000000 1.038052
16.500000 1.044754
17.000000 1.031480
17.500000 1.025884
18.000000 1.001096
18.500000 0.998513
19.000000 0.985597
19.500000 0.997151
20.000000 0.982174
20.500000 0.995254
21.000000 0.977163
21.500000 0.972852
22.000000 0.987885
22.500000 0.994378
23.000000 0.991891
23.500000 0.986419
24.000000 0.982738
24.500000 0.980181
25.000000 0.976344
25.500000 0.969981
26.000000 0.978436
26.500000 0.984046
27.000000 0.985097
27.500000 0.981231
28.000000 0.991155
28.500000 0.984134
29.000000 0.985197
29.500000 0.979616
30.000000 0.997531
30.500000 0.983017
31.000000 0.989806
31.500000 0.994196
32.000000 0.987503
32.500000 0.995972
33.000000 0.978894
33.500000 0.986380
34.000000 0.989684
34.500000 0.992682
35.000000 1.005516
35.500000 0.985499
36.000000 0.994342
36.500000 0.998916
37.000000 0.998368
37.500000 0.998734
38.000000 1.000380
38.500000 0.990542
39.000000 0.992620
39.500000 0.988692
40.000000 0.980912
40.500000 0.997187
41.000000 0.992050
41.500000 0.996091
42.000000 0.990813
42.500000 1.001359
43.000000 0.990780
43.500000 0.994903
44.000000 0.989890
44.500000 1.004649
45.000000 0.997839
45.500000 0.992539
46.000000 0.990993
46.500000 0.992270
47.000000 0.993071
47.500000 0.998691
48.000000 0.990817
48.500000 0.996185
49.000000 1.001954
49.500000 0.991885
50.000000 0.993215
50.500000 0.992669
51.000000 0.988587
51.500000 0.993062
52.000000 0.990768
52.500000 0.992821
53.000000 0.985104
53.500000 0.994007
54.000000 0.992825
54.500000 0.993425
55.000000 0.996327
55.500000 0.994000
56.000000 0.982909
56.500000 0.992746
57.000000 0.985962
57.500000 0.983228
58.000000 0.987987
58.500000 0.989779
59.000000 0.989253
59.500000 0.995059
60.000000 0.987498
60.500000 0.985255
61.000000 0.986912
61.500000 0.993736
62.000000 0.986520
62.500000 0.993195
63.000000 0.994236
63.500000 0.998843
64.000000 0.990162
64.500000 0.991596
65.000000 0.989354
65.500000 0.985634
66.000000 0.988113
66.500000 0.990048
67.000000 0.991462
67.500000 0.990579
68.000000 0.992219
68.500000 0.990852
69.000000 0.985819
69.500000 0.987789
70.000000 0.992867
70.500000 0.988778
71.000000 0.992027
71.500000 0.988497
72.000000 0.986886
72.500000 0.992202
73.000000 0.996932
73.500000 0.988891
74.000000 0.986818
74.500000 0.995723
75.000000 0.991256
75.500000 0.992900
76.000000 0.990828
76.500000 0.992665
77.000000 0.988719
77.500000 0.990410
78.000000 0.991702
78.500000 0.988795
79.000000 0.996187
79.500000 0.991985
80.000000 0.989334
80.500000 0.990992
81.000000 0.993143
81.500000 0.992633
82.000000 0.991549
82.500000 0.991955
83.000000 0.994740
83.500000 0.993467
84.000000 0.991010
84.500000 0.995795
85.000000 0.990347
85.500000 0.990169
86.000000 0.991117
86.500000 0.992359
87.000000 0.994417
87.500000 0.993047
88.000000 0.994053
88.500000 0.990897
89.000000 0.992190
89.500000 0.995710
90.000000 0.991884
90.500000 0.993314
91.000000 0.998483
91.500000 0.990666
92.000000 0.992397
92.500000 0.994116
93.000000 0.992609
93.500000 0.992852
94.000000 0.992757
94.500000 0.994759
95.000000 0.994057
95.500000 0.991179
96.000000 0.993202
96.500000 0.993700
97.000000 0.992852
97.500000 0.987865
98.000000 0.993002
98.500000 0.991763
99.000000 0.990891
99.500000 0.991570
100.000000 0.994225
100.500000 0.993176
101.000000 0.990980
101.500000 0.990297
102.000000 0.989212
102.500000 0.987485
103.000000 0.995347
103.500000 0.991791
104.000000 0.989586
104.500000 0.988737
105.000000 0.991923
105.500000 0.993695
106.000000 0.990151
106.500000 0.993722
107.000000 0.993315
107.500000 0.994052
108.000000 0.993062
108.500000 0.991635
109.000000 0.993378
109.500000 0.990246
110.000000 0.988759
110.500000 0.992552
111.000000 0.988539
111.500000 0.991139
112.000000 0.993634
112.500000 0.989515
113.000000 0.988609
113.500000 0.994884
114.000000 0.991865
114.500000 0.990043
115.000000 0.989651
115.500000 0.993597
116.000000 0.988788
116.500000 0.991445
117.000000 0.990563
117.500000 0.992501
118.000000 0.990422
118.500000 0.992852
119.000000 0.992964
119.500000 0.991123
120.000000 0.989399
120.500000 0.993503
121.000000 0.989873
121.500000 0.992093
122.000000 0.991649
122.500000 0.992514
123.000000 0.988637
123.500000 0.991722
124.000000 0.991040
124.500000 0.990871
