0.000000 nan
0.500000 0.158415
1.000000 0.158415
1.500000 0.088008
2.000000 0.019802
2.500000 0.050693
3.000000 0.061606
3.500000 0.077591
4.000000 0.108910
4.500000 0.179928
5.000000 0.183762
5.500000 0.222567
6.000000 0.270626
6.500000 0.364636
7.000000 0.417860
7.500000 0.540020
8.000000 0.566210
8.500000 0.723009
9.000000 0.792076
9.500000 0.876330
10.000000 0.963164
10.500000 0.985694
11.000000 1.059483
11.500000 1.072971
12.000000 1.109456
12.500000 1.182664
13.000000 1.149213
13.500000 1.116512
14.000000 1.165079
14.500000 1.128308
15.000000 1.085848
15.500000 1.104455
16.000000 1.078275
16.500000 1.063229
17.000000 1.048747
17.500000 1.018771
18.000000 1.035077
18.500000 1.004993
19.000000 0.997006
19.500000 0.985486
20.000000 0.975441
20.500000 0.964721
21.000000 0.957496
21.500000 0.952033
22.000000 0.958346
22.500000 0.941807
23.000000 0.930202
23.500000 0.939949
24.000000 0.913912
24.500000 0.917897
25.000000 0.927616
25.500000 0.905116
26.000000 0.920847
26.500000 0.928835
27.000000 0.922296
27.500000 0.912262
28.000000 0.909574
28.500000 0.907194
29.000000 0.921954
29.500000 0.903390
30.000000 0.914803
30.500000 0.916305
31.000000 0.916986
31.500000 0.918680
32.000000 0.929606
32.500000 0.924132
33.000000 0.922306
33.500000 0.922047
34.000000 0.924659
34.500000 0.930527
35.000000 0.923560
35.500000 0.938832
36.000000 0.942485
36.500000 0.941513
37.000000 0.936663
37.500000 0.950519
38.000000 0.939246
38.500000 0.946670
39.000000 0.952235
39.500000 0.953486
40.000000 0.955367
40.500000 0.958410
41.000000 0.956263
41.500000 0.963414
42.000000 0.966745
42.500000 0.965401
43.000000 0.966598
43.500000 0.966104
44.000000 0.974241
44.500000 0.977250
45.000000 0.976678
45.500000 0.991659
46.000000 0.979183
46.500000 0.989797
47.000000 0.991314
47.500000 0.991214
48.000000 0.992415
48.500000 0.994266
49.000000 0.995472
49.500000 0.996734
50.000000 1.002134
50.500000 0.993367
51.000000 0.993871
51.500000 1.007158
52.000000 1.007582
52.500000 1.008569
53.000000 1.010750
53.500000 1.012133
54.000000 1.008946
54.500000 1.011265
55.000000 1.000699
55.500000 1.003784
56.000000 1.009833
56.500000 1.003279
57.000000 0.999103
57.500000 1.008083
58.000000 1.006047
58.500000 1.006918
59.000000 1.002837
59.500000 1.001144
60.000000 1.009071
60.500000 1.005099
61.000000 1.008188
61.500000 1.007788
62.000000 1.003839
62.500000 1.013674
63.000000 1.008305
63.500000 1.002978
64.000000 1.007576
64.500000 0.998251
65.000000 0.998784
65.500000 1.003394
66.000000 0.998723
66.500000 1.005200
67.000000 1.000470
67.500000 0.999367
68.000000 0.996869
68.500000 0.997798
69.000000 1.000052
69.500000 0.996242
70.000000 0.997571
70.500000 0.995121
71.000000 0.991627
71.500000 0.995593
72.000000 0.999522
72.500000 0.999066
73.000000 0.992436
73.500000 0.992659
74.000000 0.990449
74.500000 0.994196
75.000000 0.997593
75.500000 0.991121
76.000000 0.994915
76.500000 0.990452
77.000000 0.992392
77.500000 0.995566
78.000000 0.992490
78.500000 0.992349
79.000000 0.992341
79.500000 0.991484
80.000000 0.996196
80.500000 0.987147
81.000000 0.993415
81.500000 0.988346
82.000000 0.993228
82.500000 0.992537
83.000000 0.991969
83.500000 0.992814
84.000000 0.990050
84.500000 0.989810
85.000000 0.991871
85.500000 0.992791
86.000000 0.994668
86.500000 0.994894
87.000000 0.987892
87.500000 0.990331
88.000000 0.993455
88.500000 0.992596
89.000000 0.991055
89.500000 0.991730
90.000000 0.994177
90.500000 0.992695
91.000000 0.992438
91.500000 0.989592
92.000000 0.997174
92.500000 0.995472
93.000000 0.994463
93.500000 0.995575
94.000000 0.992394
94.500000 0.992484
95.000000 0.992100
95.500000 0.996685
96.000000 0.996485
96.500000 0.992879
97.000000 0.995857
97.500000 0.993172
98.000000 0.992730
98.500000 0.991200
99.000000 0.990648
99.500000 0.991382
100.000000 0.993604
100.500000 0.994442
101.000000 0.990277
101.500000 0.991028
102.000000 0.994609
102.500000 0.991368
103.000000 0.992898
103.500000 0.987447
104.000000 0.992592
104.500000 0.991820
105.000000 0.990924
105.500000 0.991627
106.000000 0.989908
106.500000 0.993359
107.000000 0.990454
107.500000 0.990964
108.000000 0.992543
108.500000 0.993185
109.000000 0.992158
109.500000 0.991534
110.000000 0.991744
110.500000 0.994044
111.000000 0.991429
111.500000 0.993002
112.000000 0.994275
112.500000 0.994193
113.000000 0.990538
113.500000 0.991520
114.000000 0.992359
114.500000 0.992082
115.000000 0.989744
115.500000 0.990554
116.000000 0.992290
116.500000 0.991489
117.000000 0.993312
117.500000 0.992002
118.000000 0.992800
118.500000 0.992153
119.000000 0.992444
119.500000 0.991242
120.000000 0.992014
120.500000 0.992022
121.000000 0.992012
121.500000 0.991827
122.000000 0.990478
122.500000 0.992232
123.000000 0.992938
123.500000 0.990611
124.000000 0.988361
124.500000 0.992261
