# q  S_avg  S_stderr  n_modes
5.000000000000000104e-04 4.941000000000000000e+03 0.000000000000000000e+00 1.330000000000000000e+02
2.050000000000000086e-02 1.052619499999999930e-01 6.582049999999999013e-03 2.000000000000000000e+00
2.949999999999999845e-02 1.306890000000000274e-01 7.293934557790699227e-03 3.000000000000000000e+00
3.650000000000000466e-02 1.928499999999999936e-01 0.000000000000000000e+00 1.000000000000000000e+00
4.150000000000000216e-02 2.980290000000000439e-01 5.751853626730545066e-02 3.000000000000000000e+00
4.649999999999999967e-02 4.995476666666666676e-01 6.308249091185640089e-02 6.000000000000000000e+00
5.150000000000000411e-02 5.240850000000000231e-01 1.145718579116762753e-01 3.000000000000000000e+00
5.949999999999999734e-02 7.474096666666666389e-01 4.994237526834745949e-02 3.000000000000000000e+00
6.250000000000000000e-02 9.505345000000001709e-01 1.211588668901977806e-01 6.000000000000000000e+00
6.650000000000000355e-02 9.259058333333333168e-01 8.043280801945462688e-02 6.000000000000000000e+00
6.950000000000000622e-02 1.344093333333333362e+00 1.907895624620079833e-01 3.000000000000000000e+00
7.250000000000000888e-02 1.413049999999999917e+00 0.000000000000000000e+00 1.000000000000000000e+00
7.549999999999999767e-02 1.377708333333333313e+00 6.791665153783063569e-02 6.000000000000000000e+00
7.850000000000000033e-02 1.910196666666666987e+00 2.477809433036456122e-01 6.000000000000000000e+00
8.350000000000000477e-02 1.860108666666666410e+00 4.678483639760976920e-01 3.000000000000000000e+00
8.650000000000000744e-02 2.026362222222222620e+00 1.842697145172575712e-01 9.000000000000000000e+00
8.849999999999999534e-02 2.173241666666666738e+00 1.920829587689768247e-01 6.000000000000000000e+00
9.149999999999999800e-02 1.853416666666666712e+00 3.804931842286329302e-01 3.000000000000000000e+00
9.349999999999999978e-02 2.634068333333333012e+00 4.107846131361841402e-01 6.000000000000000000e+00
9.550000000000000155e-02 3.057273333333333287e+00 3.690952378421832325e-01 6.000000000000000000e+00
9.850000000000000422e-02 2.849143333333333583e+00 4.056623074402868068e-01 3.000000000000000000e+00
1.025000000000000078e-01 3.434966666666666502e+00 2.442661347337731492e-01 3.000000000000000000e+00
1.045000000000000095e-01 2.574341111111110969e+00 2.939466998096973427e-01 9.000000000000000000e+00
1.064999999999999974e-01 2.759345833333333164e+00 2.571830146479773260e-01 1.200000000000000000e+01
1.084999999999999992e-01 3.048327500000000079e+00 2.757546688143587277e-01 4.000000000000000000e+00
1.125000000000000028e-01 2.489675833333333088e+00 1.435555329061446450e-01 1.200000000000000000e+01
1.145000000000000046e-01 2.229563333333333564e+00 3.104462352127624336e-01 6.000000000000000000e+00
1.185000000000000081e-01 3.339873333333333250e+00 5.865637547710489397e-01 3.000000000000000000e+00
1.204999999999999960e-01 2.931559999999999722e+00 4.210014927289451037e-01 6.000000000000000000e+00
1.224999999999999978e-01 3.573367777777777476e+00 3.481485794678671475e-01 9.000000000000000000e+00
1.234999999999999987e-01 3.170805000000000096e+00 3.885940196464686136e-01 6.000000000000000000e+00
1.255000000000000004e-01 2.885286666666666999e+00 2.310065014765697866e-01 6.000000000000000000e+00
1.275000000000000022e-01 3.186005000000000198e+00 4.311240508388121673e-01 6.000000000000000000e+00
1.295000000000000040e-01 3.399914444444444239e+00 2.148101439457068551e-01 9.000000000000000000e+00
1.325000000000000067e-01 3.200308333333333977e+00 5.266231087625929952e-01 6.000000000000000000e+00
1.345000000000000084e-01 3.382034666666666745e+00 2.004193205444327053e-01 1.500000000000000000e+01
1.355000000000000093e-01 3.682716666666666416e+00 5.347723456990315372e-01 6.000000000000000000e+00
1.375000000000000111e-01 2.273133333333333450e+00 3.096410041932072810e-01 3.000000000000000000e+00
1.385000000000000120e-01 2.946210000000000218e+00 2.410668481977561450e-01 3.000000000000000000e+00
1.405000000000000138e-01 2.978654999999999831e+00 3.218026194723132005e-01 1.200000000000000000e+01
1.425000000000000155e-01 2.460150000000000059e+00 1.475307267656470467e-01 6.000000000000000000e+00
1.454999999999999905e-01 2.011000000000000121e+00 0.000000000000000000e+00 1.000000000000000000e+00
1.464999999999999913e-01 2.989223333333333343e+00 2.248909803907464811e-01 9.000000000000000000e+00
1.484999999999999931e-01 2.747242000000000406e+00 1.112000594133105980e-01 1.500000000000000000e+01
1.494999999999999940e-01 2.367755000000000276e+00 2.649346790028315191e-01 6.000000000000000000e+00
1.514999999999999958e-01 2.554905000000000204e+00 1.971696927817931100e-01 6.000000000000000000e+00
1.524999999999999967e-01 2.648567500000000408e+00 1.836339551651146318e-01 1.200000000000000000e+01
1.534999999999999976e-01 2.392839166666666628e+00 1.627287541523229908e-01 1.200000000000000000e+01
1.565000000000000002e-01 2.366623333333333523e+00 1.549375794885726743e-01 6.000000000000000000e+00
1.585000000000000020e-01 2.156435000000000102e+00 2.120332068293392103e-01 6.000000000000000000e+00
1.595000000000000029e-01 2.285231666666666772e+00 1.591166696780838274e-01 6.000000000000000000e+00
1.605000000000000038e-01 2.372245555555555718e+00 2.083656624389968182e-01 9.000000000000000000e+00
1.635000000000000064e-01 2.085798333333333421e+00 1.129762777582582201e-01 1.200000000000000000e+01
1.645000000000000073e-01 2.294971666666666632e+00 1.424860153309755184e-01 1.200000000000000000e+01
1.675000000000000100e-01 2.104656666666666620e+00 3.599739456466877208e-01 3.000000000000000000e+00
1.685000000000000109e-01 2.126195555555555838e+00 1.278136466274142902e-01 1.800000000000000000e+01
1.705000000000000127e-01 2.035756666666666437e+00 1.510335222038237946e-01 1.200000000000000000e+01
1.715000000000000135e-01 2.214290000000000092e+00 1.411081850921483138e-01 3.000000000000000000e+00
1.725000000000000144e-01 2.198565555555555662e+00 2.030647535414853710e-01 9.000000000000000000e+00
1.735000000000000153e-01 2.178804166666666653e+00 1.701709614487484090e-01 1.200000000000000000e+01
1.754999999999999893e-01 2.151101666666666912e+00 1.746439510244899851e-01 6.000000000000000000e+00
1.774999999999999911e-01 2.131921666666666493e+00 1.597497748233502324e-01 6.000000000000000000e+00
1.784999999999999920e-01 2.058494444444444404e+00 1.195162604012886681e-01 9.000000000000000000e+00
1.804999999999999938e-01 2.017003222222222281e+00 1.129864258851667885e-01 1.800000000000000000e+01
1.814999999999999947e-01 1.912392857142857006e+00 1.167838366122535831e-01 7.000000000000000000e+00
1.824999999999999956e-01 2.342216666666666836e+00 1.055956527409048357e-01 3.000000000000000000e+00
1.834999999999999964e-01 1.780676666666666685e+00 1.269749307238371427e-01 1.200000000000000000e+01
1.844999999999999973e-01 2.116065000000000307e+00 9.714048832318408766e-02 6.000000000000000000e+00
1.875000000000000000e-01 1.862913333333333199e+00 1.735178845473220599e-01 6.000000000000000000e+00
1.885000000000000009e-01 1.748121333333333416e+00 8.008444612001262841e-02 1.500000000000000000e+01
1.895000000000000018e-01 1.750869999999999926e+00 1.117955319992708918e-01 9.000000000000000000e+00
1.905000000000000027e-01 1.575784444444444432e+00 1.088200008565509830e-01 9.000000000000000000e+00
1.915000000000000036e-01 1.585585000000000022e+00 1.299061211477991473e-01 6.000000000000000000e+00
1.935000000000000053e-01 1.951771666666666682e+00 1.516215034862946065e-01 1.200000000000000000e+01
1.945000000000000062e-01 1.804074666666666493e+00 9.420292207512495630e-02 1.500000000000000000e+01
1.965000000000000080e-01 1.207068999999999948e+00 1.660330197109398664e-01 3.000000000000000000e+00
1.975000000000000089e-01 1.549690666666666550e+00 6.705820345801005722e-02 2.100000000000000000e+01
1.985000000000000098e-01 1.720526666666666538e+00 7.503107884174974040e-02 1.800000000000000000e+01
1.995000000000000107e-01 1.695238333333333403e+00 8.717788907043907964e-02 6.000000000000000000e+00
2.015000000000000124e-01 1.496129999999999960e+00 1.408092629292074238e-01 6.000000000000000000e+00
2.035000000000000142e-01 1.548619999999999663e+00 7.677901235284800840e-02 1.200000000000000000e+01
2.055000000000000160e-01 1.620379999999999932e+00 9.407487992728627568e-02 3.000000000000000000e+00
2.065000000000000169e-01 1.450819999999999999e+00 6.172834471834365982e-02 9.000000000000000000e+00
2.075000000000000178e-01 1.530845999999999929e+00 6.890364289077209603e-02 1.500000000000000000e+01
2.085000000000000187e-01 1.490508888888888883e+00 8.271026131160853778e-02 9.000000000000000000e+00
2.094999999999999918e-01 1.572715555555555644e+00 6.317645047605227604e-02 9.000000000000000000e+00
2.104999999999999927e-01 1.572300833333333259e+00 6.571029208732595550e-02 2.400000000000000000e+01
2.114999999999999936e-01 1.617406666666666659e+00 9.540400158157823218e-02 6.000000000000000000e+00
2.134999999999999953e-01 1.661470833333333230e+00 6.776601670742804506e-02 1.200000000000000000e+01
2.144999999999999962e-01 1.567038916666666504e+00 8.210732569626046085e-02 1.200000000000000000e+01
2.154999999999999971e-01 1.557349999999999790e+00 9.513203082765520069e-02 1.200000000000000000e+01
2.164999999999999980e-01 1.396022222222222275e+00 8.398580582418835316e-02 9.000000000000000000e+00
2.174999999999999989e-01 1.449307500000000193e+00 1.616806041951744655e-01 4.000000000000000000e+00
2.184999999999999998e-01 1.672152499999999931e+00 7.001311761425985103e-02 1.200000000000000000e+01
2.195000000000000007e-01 1.642863333333333342e+00 8.595688432812517710e-02 1.800000000000000000e+01
2.225000000000000033e-01 1.474517800000000101e+00 9.671740614103298272e-02 1.500000000000000000e+01
2.235000000000000042e-01 1.485351666666666626e+00 7.339973225565622761e-02 1.200000000000000000e+01
2.245000000000000051e-01 1.398449999999999749e+00 1.473398043073674835e-01 6.000000000000000000e+00
2.255000000000000060e-01 1.530120000000000147e+00 6.120866162215735096e-02 1.200000000000000000e+01
2.265000000000000069e-01 1.378155444444444377e+00 4.994762802766201937e-02 1.800000000000000000e+01
2.275000000000000078e-01 1.502429999999999932e+00 9.098300392258862335e-02 9.000000000000000000e+00
2.295000000000000095e-01 1.384023333333333383e+00 1.022063435300264306e-01 6.000000000000000000e+00
2.305000000000000104e-01 1.495088333333333352e+00 7.073049130147107677e-02 1.200000000000000000e+01
2.315000000000000113e-01 1.372033888888888775e+00 5.240168829378010623e-02 1.800000000000000000e+01
2.325000000000000122e-01 1.317478333333333307e+00 1.281869792768014216e-01 6.000000000000000000e+00
2.345000000000000140e-01 1.369277499999999925e+00 3.334126170340045991e-02 2.400000000000000000e+01
2.355000000000000149e-01 1.351655333333333431e+00 6.995521612025348834e-02 1.800000000000000000e+01
2.365000000000000158e-01 1.247509999999999897e+00 5.801792338004983091e-02 3.000000000000000000e+00
2.375000000000000167e-01 1.367217111111111105e+00 5.774528876671159577e-02 1.800000000000000000e+01
2.385000000000000175e-01 1.386826666666666874e+00 4.404719129650733200e-02 1.200000000000000000e+01
2.394999999999999907e-01 1.274009133333333432e+00 4.895750984552748458e-02 1.500000000000000000e+01
2.404999999999999916e-01 1.430859999999999799e+00 1.269385371482329994e-01 6.000000000000000000e+00
2.414999999999999925e-01 1.265363666666666775e+00 8.553388200460551594e-02 6.000000000000000000e+00
2.424999999999999933e-01 1.296923190476190646e+00 4.956928434057002869e-02 2.100000000000000000e+01
2.444999999999999951e-01 1.330068666666666566e+00 9.241370914293806083e-02 9.000000000000000000e+00
2.454999999999999960e-01 1.425299133333333357e+00 7.550432810482214652e-02 1.500000000000000000e+01
2.464999999999999969e-01 1.277960238095238177e+00 5.107643437688939858e-02 2.100000000000000000e+01
2.474999999999999978e-01 1.345031666666666625e+00 1.161502481678125392e-01 6.000000000000000000e+00
2.484999999999999987e-01 1.323044166666666577e+00 8.447686290248922203e-02 1.200000000000000000e+01
2.494999999999999996e-01 1.311032500000000045e+00 1.213858781994429509e-01 6.000000000000000000e+00
2.515000000000000013e-01 1.373267000000000015e+00 1.468364357088071948e-01 6.000000000000000000e+00
2.525000000000000022e-01 1.186214444444444460e+00 6.816645366131073025e-02 1.800000000000000000e+01
2.535000000000000031e-01 1.328593647058823546e+00 4.156265568422735923e-02 3.400000000000000000e+01
2.545000000000000040e-01 1.133716833333333396e+00 1.088421857266800435e-01 6.000000000000000000e+00
2.555000000000000049e-01 1.225338249999999851e+00 4.229561744801554196e-02 2.400000000000000000e+01
2.565000000000000058e-01 1.226917933333333321e+00 5.919893281474290780e-02 1.500000000000000000e+01
2.585000000000000075e-01 1.433898888888889056e+00 1.121358517905407526e-01 9.000000000000000000e+00
2.595000000000000084e-01 1.182174969696969669e+00 4.250388689290317962e-02 3.300000000000000000e+01
2.605000000000000093e-01 1.089983333333333304e+00 3.582454962019620409e-02 1.200000000000000000e+01
2.625000000000000111e-01 1.091011416666666678e+00 6.659878694618931450e-02 1.200000000000000000e+01
2.635000000000000120e-01 1.169997750000000059e+00 7.377306065082139819e-02 1.200000000000000000e+01
2.645000000000000129e-01 1.387123499999999732e+00 1.228748083901523985e-01 6.000000000000000000e+00
2.655000000000000138e-01 1.197088166666666620e+00 4.236362197100734112e-02 2.400000000000000000e+01
2.665000000000000147e-01 1.126775000000000082e+00 5.967637486899451948e-02 1.500000000000000000e+01
2.675000000000000155e-01 1.152843333333333220e+00 5.808112037869488792e-02 3.000000000000000000e+00
2.685000000000000164e-01 1.228922866666666724e+00 5.937564720825137810e-02 1.500000000000000000e+01
2.695000000000000173e-01 1.143902074074074182e+00 4.331125530248784022e-02 2.700000000000000000e+01
2.715000000000000191e-01 1.146802833333333327e+00 1.127691185713585037e-01 6.000000000000000000e+00
2.725000000000000200e-01 1.262422399999999945e+00 5.600844473442843224e-02 1.500000000000000000e+01
2.735000000000000209e-01 1.197615923076922995e+00 3.673279110782856627e-02 3.900000000000000000e+01
2.745000000000000218e-01 1.163760000000000128e+00 1.181556331003026789e-01 3.000000000000000000e+00
2.755000000000000226e-01 1.057014583333333313e+00 3.538354896166983482e-02 2.400000000000000000e+01
2.765000000000000235e-01 1.171892611111111204e+00 3.970654040814830532e-02 1.800000000000000000e+01
2.775000000000000244e-01 1.175324666666666795e+00 1.078409715666751728e-01 3.000000000000000000e+00
2.785000000000000253e-01 1.011321499999999984e+00 3.121265554306458870e-02 6.000000000000000000e+00
2.795000000000000262e-01 1.044723666666666828e+00 6.482697587649807747e-02 1.500000000000000000e+01
2.805000000000000271e-01 1.080485629629629685e+00 3.338128107415021945e-02 2.700000000000000000e+01
2.815000000000000280e-01 1.038208777777777758e+00 4.924321272886082734e-02 1.800000000000000000e+01
2.825000000000000289e-01 1.133351833333333225e+00 4.685005555846972342e-02 1.800000000000000000e+01
2.845000000000000306e-01 1.080865555555555524e+00 3.000173785150169262e-02 3.600000000000000000e+01
2.855000000000000315e-01 1.061767777777777866e+00 4.066136091726585411e-02 1.800000000000000000e+01
2.865000000000000324e-01 1.036182166666666626e+00 7.701911147432462246e-02 6.000000000000000000e+00
2.875000000000000333e-01 1.115625124999999995e+00 4.321164803234681800e-02 2.400000000000000000e+01
2.884999999999999787e-01 1.260715000000000030e+00 8.373759525048073138e-02 6.000000000000000000e+00
2.904999999999999805e-01 1.170527399999999885e+00 8.106167184217759336e-02 1.000000000000000000e+01
2.914999999999999813e-01 1.097419787878787911e+00 3.941481734678725646e-02 3.300000000000000000e+01
2.924999999999999822e-01 1.030115416666666617e+00 3.084106410204321552e-02 1.200000000000000000e+01
2.934999999999999831e-01 1.053770148148148067e+00 4.496481711448137297e-02 2.700000000000000000e+01
2.944999999999999840e-01 1.042530333333333337e+00 4.868460858547221659e-02 1.500000000000000000e+01
2.964999999999999858e-01 1.062342848484848501e+00 3.913987800502621850e-02 3.300000000000000000e+01
2.974999999999999867e-01 1.150708999999999982e+00 6.674777972848100482e-02 1.200000000000000000e+01
2.984999999999999876e-01 9.713138333333334318e-01 4.759353938089187080e-02 1.200000000000000000e+01
2.994999999999999885e-01 1.070812916666666670e+00 3.207212770278511371e-02 2.400000000000000000e+01
3.004999999999999893e-01 1.012295100000000003e+00 3.507098398848177562e-02 3.000000000000000000e+01
3.024999999999999911e-01 1.064469305555555634e+00 2.651903917618971332e-02 3.600000000000000000e+01
3.034999999999999920e-01 1.050968250000000159e+00 6.011555586284521302e-02 1.200000000000000000e+01
3.044999999999999929e-01 1.003728714285714307e+00 5.050607422144969688e-02 2.100000000000000000e+01
3.054999999999999938e-01 1.015690250000000017e+00 6.059772200527975550e-02 1.200000000000000000e+01
3.064999999999999947e-01 1.036211555555555552e+00 5.737782759774388147e-02 9.000000000000000000e+00
3.074999999999999956e-01 1.058896416666666562e+00 6.432905260590747465e-02 1.200000000000000000e+01
3.084999999999999964e-01 1.065471999999999975e+00 5.846349270063819908e-02 1.200000000000000000e+01
3.094999999999999973e-01 9.986586333333334897e-01 3.038278035719073691e-02 3.000000000000000000e+01
3.114999999999999991e-01 1.027720100000000025e+00 3.491417513960433372e-02 3.000000000000000000e+01
3.125000000000000000e-01 1.031769444444444517e+00 2.967376071947650309e-02 1.800000000000000000e+01
3.135000000000000009e-01 1.051502666666666697e+00 4.450281066679322162e-02 6.000000000000000000e+00
3.145000000000000018e-01 9.934956923076925239e-01 2.723974041345439759e-02 3.900000000000000000e+01
3.155000000000000027e-01 1.081563800000000297e+00 4.518492398906013424e-02 1.500000000000000000e+01
3.165000000000000036e-01 1.002471083333333235e+00 3.039696562742357985e-02 2.400000000000000000e+01
3.175000000000000044e-01 1.019866299999999892e+00 4.627990190988794800e-02 3.000000000000000000e+01
3.195000000000000062e-01 9.835710370370371880e-01 3.689977133587075270e-02 2.700000000000000000e+01
3.205000000000000071e-01 1.003917466666666591e+00 3.692831933748598472e-02 3.000000000000000000e+01
3.215000000000000080e-01 9.179351333333332086e-01 3.751160332177443796e-02 1.500000000000000000e+01
3.225000000000000089e-01 9.855201111111111523e-01 4.784959791403917140e-02 1.800000000000000000e+01
3.235000000000000098e-01 9.809069999999998624e-01 4.392007903377831424e-02 1.200000000000000000e+01
3.255000000000000115e-01 9.576809487179486213e-01 3.425468897431892257e-02 3.900000000000000000e+01
3.265000000000000124e-01 9.912185384615384010e-01 3.969552343401202416e-02 1.300000000000000000e+01
3.275000000000000133e-01 9.743029166666664631e-01 2.691706402054855687e-02 3.600000000000000000e+01
3.285000000000000142e-01 9.982899444444444104e-01 4.026502880681379071e-02 1.800000000000000000e+01
3.295000000000000151e-01 8.920576666666667487e-01 2.817759051529201975e-02 1.200000000000000000e+01
3.305000000000000160e-01 9.612742222222219191e-01 3.407870643071065492e-02 1.800000000000000000e+01
3.315000000000000169e-01 9.946520000000000916e-01 2.879476577640772625e-02 4.500000000000000000e+01
3.335000000000000187e-01 9.790444666666665574e-01 3.412435626843412367e-02 3.000000000000000000e+01
3.355000000000000204e-01 9.377407666666666142e-01 3.093833488396515938e-02 3.000000000000000000e+01
3.365000000000000213e-01 1.012045916666666878e+00 3.942579544142087167e-02 1.200000000000000000e+01
3.375000000000000222e-01 9.586393333333332878e-01 3.486128224052637697e-02 3.000000000000000000e+01
3.385000000000000231e-01 9.740670666666666477e-01 3.395454335444730853e-02 3.000000000000000000e+01
3.395000000000000240e-01 8.983626666666667537e-01 6.911245874840513115e-02 9.000000000000000000e+00
3.405000000000000249e-01 9.132414333333331857e-01 3.185951577117870220e-02 3.000000000000000000e+01
3.415000000000000258e-01 9.730251666666667187e-01 2.597121285710694838e-02 3.000000000000000000e+01
3.425000000000000266e-01 8.836836666666667561e-01 9.124970666025911115e-02 9.000000000000000000e+00
3.435000000000000275e-01 9.375623888888888757e-01 3.265821656886932350e-02 3.600000000000000000e+01
3.445000000000000284e-01 9.080981666666666507e-01 3.828568037577168015e-02 2.400000000000000000e+01
3.455000000000000293e-01 8.000582222222222262e-01 4.194402998930630427e-02 9.000000000000000000e+00
3.465000000000000302e-01 9.588101515151514764e-01 3.914251403711906108e-02 3.300000000000000000e+01
3.475000000000000311e-01 8.909812222222222022e-01 2.489202419564357643e-02 2.700000000000000000e+01
3.485000000000000320e-01 9.640962499999999880e-01 3.469626583962624050e-02 1.200000000000000000e+01
3.495000000000000329e-01 9.861110000000000708e-01 4.608035046607383139e-02 2.100000000000000000e+01
3.505000000000000338e-01 9.804731666666667289e-01 7.450881549025668849e-02 6.000000000000000000e+00
3.515000000000000346e-01 9.392803555555554462e-01 2.621834997744043952e-02 4.500000000000000000e+01
3.524999999999999800e-01 1.040449999999999875e+00 3.668561733613506098e-02 9.000000000000000000e+00
3.534999999999999809e-01 9.433268750000000091e-01 3.723738290504683551e-02 2.400000000000000000e+01
3.544999999999999818e-01 9.683377222222223635e-01 5.590668013892072241e-02 1.800000000000000000e+01
3.554999999999999827e-01 9.233740000000000281e-01 4.251729049771006685e-02 6.000000000000000000e+00
3.564999999999999836e-01 9.625186481481482481e-01 2.522231566915092080e-02 5.400000000000000000e+01
3.574999999999999845e-01 9.214258095238094803e-01 3.379634455364458751e-02 2.100000000000000000e+01
3.584999999999999853e-01 9.023740999999999568e-01 3.123533511311173128e-02 3.000000000000000000e+01
3.594999999999999862e-01 1.021086904761904668e+00 4.527958282392927081e-02 2.100000000000000000e+01
3.604999999999999871e-01 9.717086666666667760e-01 3.110244388220330738e-02 4.200000000000000000e+01
3.614999999999999880e-01 8.833673333333332822e-01 4.458887044777071207e-02 1.200000000000000000e+01
3.624999999999999889e-01 8.992292580645161459e-01 2.928392363047735078e-02 3.100000000000000000e+01
3.634999999999999898e-01 9.574757333333334675e-01 2.610775585807164831e-02 3.000000000000000000e+01
3.654999999999999916e-01 9.307134242424244253e-01 2.877320310290798835e-02 3.300000000000000000e+01
3.664999999999999925e-01 9.029921190476190018e-01 2.730996378226915183e-02 4.200000000000000000e+01
3.674999999999999933e-01 9.376945833333333313e-01 4.910479996356251903e-02 1.200000000000000000e+01
3.684999999999999942e-01 9.206252999999998687e-01 3.220906660047614944e-02 3.000000000000000000e+01
3.694999999999999951e-01 1.002960500000000144e+00 8.357049873440189347e-02 6.000000000000000000e+00
3.704999999999999960e-01 9.710042666666666156e-01 5.047365775205033683e-02 1.500000000000000000e+01
3.714999999999999969e-01 9.306772500000000115e-01 2.204848492519153116e-02 6.000000000000000000e+01
3.724999999999999978e-01 9.488828333333335641e-01 3.517696170756494378e-02 1.800000000000000000e+01
3.734999999999999987e-01 9.246809444444443749e-01 3.084555022923505738e-02 1.800000000000000000e+01
3.744999999999999996e-01 9.250244999999998052e-01 7.863727789445665306e-02 6.000000000000000000e+00
3.755000000000000004e-01 9.314547380952382660e-01 2.390399545705182427e-02 4.200000000000000000e+01
3.765000000000000013e-01 8.499458888888890007e-01 3.133028803983566035e-02 2.700000000000000000e+01
3.775000000000000022e-01 9.475281333333333000e-01 3.001267273538339719e-02 3.000000000000000000e+01
3.785000000000000031e-01 8.844173333333333886e-01 2.512269354085016476e-02 3.300000000000000000e+01
3.795000000000000040e-01 9.102091999999997185e-01 2.361417708471935314e-02 4.500000000000000000e+01
3.805000000000000049e-01 1.062539166666666590e+00 6.032466602776274250e-02 1.200000000000000000e+01
3.815000000000000058e-01 9.400735555555554956e-01 3.524132361418742115e-02 1.800000000000000000e+01
3.825000000000000067e-01 9.302314444444443886e-01 2.756787398779700360e-02 3.600000000000000000e+01
3.835000000000000075e-01 9.699039999999999884e-01 5.814958391825919559e-02 6.000000000000000000e+00
3.845000000000000084e-01 8.809511999999999343e-01 5.005724102942644971e-02 1.500000000000000000e+01
3.855000000000000093e-01 9.222791555555556187e-01 2.566644432449850105e-02 4.500000000000000000e+01
3.865000000000000102e-01 9.284385185185185518e-01 2.412265145111465794e-02 5.400000000000000000e+01
3.875000000000000111e-01 8.916732222222221171e-01 3.310914629218836974e-02 2.700000000000000000e+01
3.885000000000000120e-01 9.378224666666666876e-01 3.624540682964324384e-02 1.500000000000000000e+01
3.895000000000000129e-01 9.394193666666666998e-01 3.088601120209315612e-02 3.000000000000000000e+01
3.905000000000000138e-01 9.228062666666667635e-01 4.688583649456327246e-02 1.500000000000000000e+01
3.915000000000000147e-01 8.801419999999998689e-01 2.211831931156645406e-02 5.400000000000000000e+01
3.925000000000000155e-01 7.827410000000000201e-01 1.582513940918057471e-01 3.000000000000000000e+00
3.935000000000000164e-01 8.826473703703703322e-01 2.781150708787637205e-02 2.700000000000000000e+01
3.945000000000000173e-01 9.285180555555556658e-01 2.926249129460064061e-02 3.600000000000000000e+01
3.955000000000000182e-01 9.253926969696968374e-01 3.847085184171328970e-02 3.300000000000000000e+01
3.965000000000000191e-01 9.027324444444444485e-01 3.718353233067590163e-02 9.000000000000000000e+00
3.975000000000000200e-01 8.884632222222221820e-01 2.320451792524537080e-02 3.600000000000000000e+01
3.985000000000000209e-01 9.174746333333333448e-01 2.989199964602389653e-02 3.000000000000000000e+01
3.995000000000000218e-01 9.080912105263158063e-01 3.760038391792450141e-02 1.900000000000000000e+01
4.005000000000000226e-01 9.028468703703703691e-01 2.383365213717150363e-02 5.400000000000000000e+01
4.025000000000000244e-01 9.214887301587300072e-01 2.195136989950812606e-02 6.300000000000000000e+01
4.035000000000000253e-01 9.022226333333333015e-01 3.604653759732179968e-02 3.000000000000000000e+01
4.045000000000000262e-01 8.391345000000000054e-01 3.878606468926779766e-02 1.800000000000000000e+01
4.055000000000000271e-01 9.088456904761903488e-01 2.591663619573490729e-02 4.200000000000000000e+01
4.065000000000000280e-01 9.305442380952381187e-01 2.448524501395701880e-02 4.200000000000000000e+01
4.075000000000000289e-01 8.950718787878787497e-01 2.456657508464890616e-02 3.300000000000000000e+01
4.085000000000000298e-01 9.042415666666666629e-01 3.191906881886812791e-02 3.000000000000000000e+01
4.095000000000000306e-01 9.484279166666667038e-01 2.888539190135428272e-02 1.200000000000000000e+01
4.105000000000000315e-01 8.614738000000001783e-01 4.334917006820204755e-02 1.500000000000000000e+01
4.115000000000000324e-01 9.163518484848486301e-01 2.614326737502212575e-02 3.300000000000000000e+01
4.125000000000000333e-01 8.775580416666666217e-01 3.312188939633269047e-02 2.400000000000000000e+01
4.135000000000000342e-01 9.034794999999998799e-01 2.261937961580008302e-02 6.000000000000000000e+01
4.145000000000000351e-01 8.557965333333333868e-01 4.622370197532313374e-02 1.500000000000000000e+01
4.155000000000000360e-01 8.676146666666668672e-01 2.852254029841316818e-02 3.600000000000000000e+01
4.164999999999999813e-01 9.820271515151516306e-01 3.310192389358462828e-02 3.300000000000000000e+01
4.174999999999999822e-01 8.775457619047618563e-01 2.714840615260786030e-02 4.200000000000000000e+01
4.184999999999999831e-01 8.877936666666667032e-01 6.900603658360460191e-02 6.000000000000000000e+00
4.194999999999999840e-01 9.091766250000000715e-01 2.738683864580197455e-02 4.800000000000000000e+01
4.204999999999999849e-01 8.334134583333332458e-01 3.252079969853959723e-02 2.400000000000000000e+01
4.214999999999999858e-01 8.678183333333334692e-01 2.855587379351420471e-02 2.400000000000000000e+01
4.224999999999999867e-01 9.787482916666666588e-01 3.322079134211983198e-02 2.400000000000000000e+01
4.234999999999999876e-01 8.779506666666666570e-01 4.289497265033170859e-02 2.400000000000000000e+01
4.244999999999999885e-01 9.029023809523811783e-01 2.718742196445105008e-02 4.200000000000000000e+01
4.254999999999999893e-01 9.125319583333334483e-01 2.861213178548056499e-02 2.400000000000000000e+01
4.264999999999999902e-01 9.625373333333333559e-01 2.370775848648791484e-02 3.000000000000000000e+01
4.274999999999999911e-01 9.104817222222223450e-01 2.589086442016886105e-02 1.800000000000000000e+01
4.284999999999999920e-01 8.985607500000001302e-01 2.806323479666904611e-02 3.600000000000000000e+01
4.294999999999999929e-01 8.943472083333333655e-01 2.972590729713065968e-02 2.400000000000000000e+01
4.304999999999999938e-01 8.735617333333333123e-01 3.015252826096435218e-02 1.500000000000000000e+01
4.314999999999999947e-01 8.797352941176470598e-01 2.242286830955579277e-02 5.100000000000000000e+01
4.324999999999999956e-01 9.244075833333335046e-01 3.083860041425549522e-02 3.600000000000000000e+01
4.334999999999999964e-01 8.670998148148145734e-01 2.848557205057568320e-02 2.700000000000000000e+01
4.344999999999999973e-01 8.471892777777778605e-01 3.571163241737574517e-02 1.800000000000000000e+01
4.354999999999999982e-01 9.088479545454546393e-01 3.582139420113193001e-02 2.200000000000000000e+01
4.364999999999999991e-01 8.950956428571428258e-01 2.273888264044971949e-02 4.200000000000000000e+01
4.375000000000000000e-01 9.017931333333333299e-01 2.976285637914083057e-02 3.000000000000000000e+01
4.385000000000000009e-01 8.985745833333335097e-01 5.768615434695120725e-02 1.200000000000000000e+01
4.395000000000000018e-01 9.127918974358973925e-01 2.282012878951460849e-02 3.900000000000000000e+01
4.405000000000000027e-01 8.926338333333333486e-01 3.188781118106231299e-02 2.400000000000000000e+01
4.415000000000000036e-01 9.135010000000000074e-01 1.003516640572874041e-01 6.000000000000000000e+00
4.425000000000000044e-01 9.222857142857143753e-01 2.223791614444766904e-02 4.200000000000000000e+01
4.435000000000000053e-01 8.925259583333332580e-01 2.858032723666114466e-02 2.400000000000000000e+01
4.445000000000000062e-01 8.723622121212121217e-01 2.534424645352252592e-02 3.300000000000000000e+01
4.455000000000000071e-01 9.044378095238094772e-01 2.642928795435806749e-02 2.100000000000000000e+01
4.465000000000000080e-01 9.246035333333332273e-01 4.363383425026596402e-02 1.500000000000000000e+01
4.475000000000000089e-01 9.338153809523807025e-01 3.160478454386570629e-02 2.100000000000000000e+01
4.485000000000000098e-01 9.181332352941175001e-01 2.592952395108466188e-02 5.100000000000000000e+01
4.495000000000000107e-01 8.460253095238096099e-01 2.607511396951535734e-02 4.200000000000000000e+01
4.505000000000000115e-01 8.717377499999998669e-01 3.407512869050711296e-02 1.200000000000000000e+01
4.515000000000000124e-01 9.113207777777778684e-01 3.924176656773459976e-02 1.800000000000000000e+01
4.525000000000000133e-01 9.255515555555555718e-01 3.526424729666217950e-02 1.800000000000000000e+01
4.535000000000000142e-01 8.551591388888888368e-01 2.563977486833016531e-02 3.600000000000000000e+01
4.545000000000000151e-01 9.187907083333333169e-01 3.489366942187007575e-02 2.400000000000000000e+01
4.555000000000000160e-01 8.929989230769229680e-01 2.240027693791430893e-02 3.900000000000000000e+01
4.565000000000000169e-01 8.848949999999999871e-01 6.230000784733321501e-02 9.000000000000000000e+00
4.575000000000000178e-01 8.915763999999999356e-01 3.044060903708245211e-02 3.000000000000000000e+01
4.595000000000000195e-01 9.094298205128206192e-01 2.624741402772617568e-02 3.900000000000000000e+01
4.605000000000000204e-01 8.920172857142857348e-01 3.272081229716638368e-02 2.100000000000000000e+01
4.615000000000000213e-01 9.317142500000000771e-01 2.552860062743596975e-02 4.800000000000000000e+01
4.625000000000000222e-01 9.545224166666667065e-01 5.488927292913218375e-02 1.200000000000000000e+01
4.635000000000000231e-01 9.106477000000000599e-01 3.423242928690722192e-02 3.000000000000000000e+01
4.645000000000000240e-01 9.139499523809523351e-01 3.456047488688530206e-02 2.100000000000000000e+01
4.655000000000000249e-01 8.940789761904762711e-01 2.409040808941642631e-02 4.200000000000000000e+01
4.665000000000000258e-01 8.912872499999999754e-01 3.265700082739934201e-02 2.400000000000000000e+01
4.675000000000000266e-01 9.110895000000001076e-01 5.398494645304263012e-02 1.200000000000000000e+01
4.685000000000000275e-01 8.409337777777777800e-01 3.918321764509953564e-02 1.800000000000000000e+01
4.695000000000000284e-01 9.123990833333334161e-01 5.917946734932116176e-02 1.200000000000000000e+01
4.705000000000000293e-01 8.791148333333332898e-01 3.235310720025880160e-02 1.800000000000000000e+01
4.715000000000000302e-01 8.614989729729728429e-01 2.025125929141488937e-02 3.700000000000000000e+01
4.725000000000000311e-01 9.136681666666666146e-01 2.721006769804712108e-02 4.200000000000000000e+01
4.735000000000000320e-01 9.068926666666666803e-01 4.710318696342223610e-02 3.000000000000000000e+00
4.745000000000000329e-01 8.887580333333333638e-01 3.508926695979589644e-02 3.000000000000000000e+01
4.755000000000000338e-01 9.079540952380950047e-01 3.851783442584342382e-02 2.100000000000000000e+01
4.765000000000000346e-01 8.555374666666666350e-01 2.785697731503583921e-02 3.000000000000000000e+01
4.775000000000000355e-01 8.946281666666665577e-01 6.247967722356696091e-02 6.000000000000000000e+00
4.785000000000000364e-01 8.935889791666666859e-01 2.180721814907034956e-02 4.800000000000000000e+01
4.795000000000000373e-01 8.659017619047618686e-01 2.887071343716630240e-02 2.100000000000000000e+01
4.804999999999999827e-01 8.560004999999999420e-01 3.973737688939721346e-02 6.000000000000000000e+00
4.814999999999999836e-01 8.229719999999999258e-01 3.072394940634764343e-02 1.500000000000000000e+01
4.824999999999999845e-01 9.032441904761903118e-01 2.519496305564708841e-02 4.200000000000000000e+01
4.834999999999999853e-01 8.859219999999999873e-01 2.715424534484628047e-02 3.300000000000000000e+01
4.844999999999999862e-01 8.439011111111111019e-01 4.639496924010322321e-02 9.000000000000000000e+00
4.854999999999999871e-01 9.007321111111110667e-01 4.605410545803842459e-02 9.000000000000000000e+00
4.864999999999999880e-01 8.970449444444442699e-01 3.940893404809382022e-02 1.800000000000000000e+01
4.874999999999999889e-01 8.782116666666666127e-01 3.092922403853035074e-02 2.400000000000000000e+01
4.884999999999999898e-01 8.281710370370369834e-01 3.617765852539781002e-02 2.700000000000000000e+01
4.894999999999999907e-01 9.128933750000000069e-01 2.534939242109928922e-02 2.400000000000000000e+01
4.904999999999999916e-01 9.469109999999999472e-01 3.765836595947694154e-02 2.700000000000000000e+01
4.914999999999999925e-01 8.740091333333332990e-01 3.314517639399745114e-02 1.500000000000000000e+01
4.924999999999999933e-01 8.951546000000002445e-01 3.318281991950917248e-02 3.000000000000000000e+01
4.934999999999999942e-01 8.284049166666668240e-01 3.985388920234007176e-02 1.200000000000000000e+01
4.944999999999999951e-01 8.822211666666669450e-01 2.909798341616730982e-02 3.000000000000000000e+01
4.964999999999999969e-01 9.187590476190476974e-01 2.663211343646725709e-02 4.200000000000000000e+01
4.974999999999999978e-01 9.020373333333334687e-01 4.700621612444873254e-02 1.200000000000000000e+01
4.984999999999999987e-01 9.411177619047619292e-01 3.819925904161124153e-02 2.100000000000000000e+01
4.994999999999999996e-01 8.572891249999999852e-01 2.718049337869170301e-02 2.400000000000000000e+01
5.004999999999999449e-01 8.711003333333332543e-01 2.866690953240144668e-02 9.000000000000000000e+00
5.015000000000000568e-01 9.278481666666666960e-01 4.032692260112409610e-02 2.400000000000000000e+01
5.024999999999999467e-01 9.805929999999999369e-01 1.790320526786567390e-01 3.000000000000000000e+00
5.035000000000000586e-01 8.851036296296297401e-01 3.340260727813967878e-02 2.700000000000000000e+01
5.044999999999999485e-01 9.279229583333332698e-01 3.249805974907786499e-02 2.400000000000000000e+01
5.055000000000000604e-01 7.338923333333333687e-01 2.794226619668399927e-02 1.500000000000000000e+01
5.064999999999999503e-01 8.590558055555556072e-01 2.829691493518188619e-02 3.600000000000000000e+01
5.075000000000000622e-01 8.366056000000000603e-01 4.223332419131708287e-02 1.000000000000000000e+01
5.084999999999999520e-01 8.387291249999999643e-01 2.578389609444436611e-02 2.400000000000000000e+01
5.104999999999999538e-01 8.756356874999999818e-01 2.086218091085896217e-02 4.800000000000000000e+01
5.115000000000000657e-01 8.816384999999998806e-01 4.147734962849657786e-02 1.200000000000000000e+01
5.124999999999999556e-01 8.333756666666666257e-01 5.931128882861264051e-02 6.000000000000000000e+00
5.135000000000000675e-01 9.075617500000000559e-01 3.454328771147258115e-02 2.400000000000000000e+01
5.144999999999999574e-01 9.158686666666667753e-01 8.574899852385708954e-02 6.000000000000000000e+00
5.155000000000000693e-01 9.156647083333333548e-01 2.766086079496447164e-02 2.400000000000000000e+01
5.164999999999999591e-01 8.426113333333332678e-01 2.526880313043030832e-02 6.000000000000000000e+00
5.175000000000000711e-01 8.098812499999999970e-01 3.854563742385102437e-02 1.200000000000000000e+01
5.184999999999999609e-01 8.563719487179486389e-01 2.361750553329702157e-02 3.900000000000000000e+01
5.195000000000000728e-01 7.755801666666667371e-01 4.129478201856878750e-02 6.000000000000000000e+00
5.204999999999999627e-01 8.460997142857141773e-01 3.226857277947833835e-02 2.100000000000000000e+01
5.215000000000000746e-01 9.009416666666667517e-01 3.415351018008372375e-02 2.700000000000000000e+01
5.224999999999999645e-01 8.234992500000001270e-01 3.387483437287586857e-02 1.200000000000000000e+01
5.235000000000000764e-01 8.815288333333333171e-01 5.534693214287290941e-02 6.000000000000000000e+00
5.244999999999999662e-01 8.983880000000000754e-01 3.772480441041872745e-02 2.400000000000000000e+01
5.255000000000000782e-01 8.334762666666665210e-01 2.756973194808941263e-02 3.000000000000000000e+01
5.264999999999999680e-01 8.858449999999999935e-01 5.471038479042774488e-02 9.000000000000000000e+00
5.275000000000000799e-01 8.835920000000000440e-01 3.138531541520845486e-02 1.200000000000000000e+01
5.284999999999999698e-01 9.005606666666666760e-01 9.824682034639993511e-02 6.000000000000000000e+00
5.295000000000000817e-01 9.035472499999999130e-01 4.381279990086697773e-02 1.200000000000000000e+01
5.304999999999999716e-01 8.584420000000000384e-01 3.890315009047345951e-02 1.500000000000000000e+01
5.315000000000000835e-01 8.245829166666666099e-01 3.985448800826430632e-02 1.200000000000000000e+01
5.324999999999999734e-01 8.606533333333333813e-01 9.869932156695797321e-02 3.000000000000000000e+00
5.335000000000000853e-01 8.640085476190476621e-01 2.542409253759672985e-02 4.200000000000000000e+01
5.344999999999999751e-01 8.056919999999999638e-01 4.026062865972401816e-02 1.500000000000000000e+01
5.355000000000000870e-01 8.061151666666667159e-01 2.396486961822716713e-02 1.800000000000000000e+01
5.364999999999999769e-01 8.176018333333332500e-01 3.445757267340416458e-02 1.200000000000000000e+01
5.375000000000000888e-01 8.155508000000000202e-01 3.746392096444892822e-02 1.500000000000000000e+01
5.384999999999999787e-01 7.935594666666665464e-01 2.383143338471604630e-02 1.500000000000000000e+01
5.395000000000000906e-01 8.275651111111110847e-01 6.317067679211181563e-02 9.000000000000000000e+00
5.404999999999999805e-01 8.826953333333333873e-01 3.243896981566601889e-02 2.400000000000000000e+01
5.424999999999999822e-01 7.655808333333333771e-01 8.454601814925670478e-02 6.000000000000000000e+00
5.435000000000000941e-01 8.311426666666666963e-01 4.986820188701857753e-02 9.000000000000000000e+00
5.444999999999999840e-01 8.226904210526315708e-01 2.373341577594045848e-02 1.900000000000000000e+01
5.455000000000000959e-01 8.302434444444445338e-01 2.416593866323650530e-02 9.000000000000000000e+00
5.464999999999999858e-01 8.781173333333333053e-01 3.726600347712191730e-02 1.800000000000000000e+01
5.475000000000000977e-01 7.879737777777777730e-01 6.762759678661305063e-02 9.000000000000000000e+00
5.484999999999999876e-01 8.355771666666665931e-01 2.962633072047460986e-02 2.400000000000000000e+01
5.495000000000000995e-01 8.544299444444445335e-01 3.968934421749559932e-02 1.800000000000000000e+01
5.515000000000001013e-01 8.517135555555555015e-01 3.536139478358663740e-02 1.800000000000000000e+01
5.524999999999999911e-01 7.582393333333333763e-01 6.305513780106353217e-02 3.000000000000000000e+00
5.535000000000001030e-01 8.585790000000000921e-01 3.479219869594388920e-02 1.800000000000000000e+01
5.544999999999999929e-01 8.151322222222221470e-01 3.519812667935123818e-02 1.800000000000000000e+01
5.564999999999999947e-01 8.691894444444444590e-01 3.485628934684332353e-02 9.000000000000000000e+00
5.575000000000001066e-01 8.280696666666665928e-01 3.176222763143528999e-02 3.000000000000000000e+00
5.584999999999999964e-01 7.975913999999998394e-01 3.535120252670068824e-02 1.500000000000000000e+01
5.595000000000001084e-01 8.465603888888888484e-01 4.923342673973502004e-02 1.800000000000000000e+01
5.604999999999999982e-01 7.905906666666666638e-01 3.856074671721086700e-02 9.000000000000000000e+00
5.615000000000001101e-01 6.891568333333334406e-01 4.299608401890935711e-02 6.000000000000000000e+00
5.625000000000000000e-01 8.549985000000002167e-01 4.525890099673012673e-02 1.200000000000000000e+01
5.635000000000001119e-01 7.713088888888889327e-01 5.830327150113078644e-02 9.000000000000000000e+00
5.645000000000000018e-01 8.102255555555555322e-01 4.082545751193294992e-02 9.000000000000000000e+00
5.655000000000001137e-01 8.264327777777779049e-01 7.322152337139102574e-02 9.000000000000000000e+00
5.665000000000000036e-01 7.153853333333333175e-01 2.783034933605157968e-02 9.000000000000000000e+00
5.675000000000001155e-01 8.111033333333331763e-01 4.419418627683641826e-02 1.200000000000000000e+01
5.685000000000000053e-01 7.615680000000000227e-01 4.716490412789937914e-02 1.200000000000000000e+01
5.695000000000001172e-01 9.708970000000000100e-01 1.341150242602719422e-01 3.000000000000000000e+00
5.705000000000000071e-01 7.460734999999999451e-01 3.135364741860188070e-02 6.000000000000000000e+00
5.715000000000001190e-01 7.230495000000000116e-01 6.216951811123625632e-02 6.000000000000000000e+00
5.725000000000000089e-01 8.569668888888889446e-01 5.453213935796751705e-02 9.000000000000000000e+00
5.735000000000001208e-01 7.808757222222221239e-01 3.784232247997561943e-02 1.800000000000000000e+01
5.745000000000000107e-01 7.064066666666666272e-01 8.000151071976355222e-02 3.000000000000000000e+00
5.755000000000001226e-01 8.113663333333334116e-01 9.086859272402345034e-02 6.000000000000000000e+00
5.765000000000000124e-01 8.991943333333333177e-01 6.140533842563417749e-02 9.000000000000000000e+00
5.774999999999999023e-01 8.587998333333333179e-01 7.996148631118887851e-02 6.000000000000000000e+00
5.794999999999999041e-01 7.215628333333333755e-01 5.229724814775418146e-02 6.000000000000000000e+00
5.805000000000000160e-01 8.383507500000000334e-01 1.050417520547385491e-01 4.000000000000000000e+00
5.814999999999999059e-01 8.437468000000001300e-01 2.414044747448919337e-02 1.500000000000000000e+01
5.825000000000000178e-01 7.416556666666666020e-01 5.390673264795203812e-02 6.000000000000000000e+00
5.834999999999999076e-01 9.119846666666666657e-01 5.716137470510813251e-02 6.000000000000000000e+00
5.854999999999999094e-01 8.053334166666666905e-01 4.090625486688090340e-02 1.200000000000000000e+01
5.865000000000000213e-01 7.590444999999998998e-01 4.181987783239768386e-02 6.000000000000000000e+00
5.874999999999999112e-01 8.349983333333332869e-01 4.185687122570863616e-02 9.000000000000000000e+00
5.894999999999999130e-01 7.669083333333333030e-01 5.785487496121461543e-02 3.000000000000000000e+00
5.905000000000000249e-01 7.843583333333333796e-01 2.229502066032782934e-02 6.000000000000000000e+00
5.925000000000000266e-01 7.737823333333334608e-01 6.196274929970247564e-02 3.000000000000000000e+00
5.934999999999999165e-01 7.532113333333333438e-01 5.133033371907016335e-02 6.000000000000000000e+00
5.945000000000000284e-01 7.732215000000000060e-01 4.417656759639080472e-02 1.200000000000000000e+01
5.954999999999999183e-01 6.695748333333333413e-01 4.984817626581515559e-02 6.000000000000000000e+00
5.965000000000000302e-01 8.017259999999999387e-01 7.401188816895115652e-02 3.000000000000000000e+00
5.974999999999999201e-01 9.204671666666667251e-01 7.887248134612251382e-02 6.000000000000000000e+00
5.985000000000000320e-01 6.974969999999999226e-01 6.082517499358304491e-02 3.000000000000000000e+00
5.994999999999999218e-01 8.499970000000001136e-01 4.970690210088199446e-02 6.000000000000000000e+00
