# q  S_avg  S_stderr  n_modes
5.000000000000000104e-03 4.941000000000000000e+03 0.000000000000000000e+00 1.000000000000000000e+00
2.500000000000000139e-02 1.572240399999999538e-01 4.127062204476205504e-02 5.000000000000000000e+00
3.500000000000000333e-02 3.131249999999999867e-01 0.000000000000000000e+00 1.000000000000000000e+00
4.499999999999999833e-02 3.330683333333333551e-01 6.350969188723175340e-02 9.000000000000000000e+00
5.500000000000000028e-02 3.858757999999999910e-01 1.226902889568146221e-01 6.000000000000000000e+00
6.500000000000000222e-02 8.153018133333332917e-01 1.904484719887659938e-01 1.500000000000000000e+01
7.500000000000001110e-02 1.479000692307692599e+00 3.576177921213312683e-01 1.300000000000000000e+01
8.499999999999999223e-02 2.975382388888888840e+00 4.824841330587550936e-01 1.800000000000000000e+01
9.500000000000000111e-02 1.997083388888889033e+00 3.201991184926317180e-01 1.800000000000000000e+01
1.050000000000000100e-01 4.566152285714284886e+00 7.150120471264891364e-01 2.800000000000000000e+01
1.149999999999999911e-01 7.420765238095238026e+00 1.586328141605090947e+00 2.100000000000000000e+01
1.250000000000000000e-01 7.165856404761905551e+00 9.639400022615189911e-01 4.200000000000000000e+01
1.350000000000000089e-01 7.681694848484847959e+00 1.317640642665015349e+00 3.300000000000000000e+01
1.450000000000000178e-01 5.747780795918367325e+00 6.580801682971673117e-01 4.900000000000000000e+01
1.549999999999999989e-01 4.551164333333333367e+00 5.064107604905072613e-01 4.800000000000000000e+01
1.650000000000000078e-01 2.165258444444444041e+00 2.318859492892881569e-01 5.400000000000000000e+01
1.749999999999999889e-01 2.253209350877192652e+00 2.314694679588610582e-01 5.700000000000000000e+01
1.849999999999999978e-01 1.428111407894737006e+00 1.006448202945076781e-01 7.600000000000000000e+01
1.950000000000000067e-01 1.222445888888888721e+00 7.773190433756707596e-02 9.000000000000000000e+01
2.050000000000000155e-01 1.082993126984126864e+00 8.171057887794025421e-02 6.300000000000000000e+01
2.149999999999999967e-01 1.026608403669724723e+00 5.362301123580652529e-02 1.090000000000000000e+02
2.250000000000000056e-01 1.049633692307692323e+00 7.033290675322428909e-02 7.800000000000000000e+01
2.349999999999999867e-01 9.225866746031745613e-01 4.846744316232085709e-02 1.260000000000000000e+02
2.449999999999999956e-01 8.343054999999999222e-01 3.753467908263361658e-02 1.020000000000000000e+02
2.550000000000000044e-01 7.795801724137930711e-01 3.588665596243435091e-02 1.450000000000000000e+02
2.650000000000000133e-01 7.132715317460318616e-01 2.719512589433485325e-02 1.260000000000000000e+02
2.750000000000000222e-01 6.506068294573643662e-01 2.297264103701916402e-02 1.290000000000000000e+02
2.850000000000000311e-01 6.502851307189543295e-01 2.208942958681608601e-02 1.530000000000000000e+02
2.949999999999999845e-01 5.995125280898876419e-01 1.696659000916270893e-02 1.780000000000000000e+02
3.049999999999999933e-01 5.808330919540228843e-01 1.484356609048255969e-02 1.740000000000000000e+02
3.150000000000000022e-01 5.596819999999999018e-01 1.436128017504450377e-02 1.890000000000000000e+02
3.250000000000000111e-01 5.542681502590673936e-01 1.466577014052736910e-02 1.930000000000000000e+02
3.350000000000000200e-01 5.631299117647058372e-01 1.285661240845655667e-02 2.040000000000000000e+02
3.450000000000000289e-01 5.527488181818182023e-01 1.104852791002097247e-02 2.310000000000000000e+02
3.549999999999999822e-01 5.550210726495726776e-01 1.069745790392666492e-02 2.340000000000000000e+02
3.649999999999999911e-01 5.606938025210083110e-01 1.043424537692204911e-02 2.380000000000000000e+02
3.750000000000000000e-01 5.667776870748300055e-01 9.149340724936028471e-03 2.940000000000000000e+02
3.850000000000000089e-01 5.816122751937984336e-01 1.001674085513666081e-02 2.580000000000000000e+02
3.950000000000000178e-01 5.874487938931297615e-01 1.030810403729155722e-02 2.620000000000000000e+02
4.050000000000000266e-01 6.041134413580246942e-01 9.289618499003594876e-03 3.240000000000000000e+02
4.150000000000000355e-01 6.167084537037036407e-01 9.174645151302432758e-03 3.240000000000000000e+02
4.249999999999999889e-01 6.150592129629629534e-01 8.985249551876734256e-03 3.240000000000000000e+02
4.349999999999999978e-01 6.113898636363637173e-01 8.076460687563445998e-03 3.520000000000000000e+02
4.450000000000000067e-01 6.345037829457363943e-01 7.817954047548215588e-03 3.870000000000000000e+02
4.550000000000000155e-01 6.511639705014748980e-01 8.469194884595576678e-03 3.390000000000000000e+02
4.650000000000000244e-01 6.401228156565655913e-01 7.500276711575063794e-03 3.960000000000000000e+02
4.749999999999999778e-01 6.577207821100916618e-01 7.614917823198537675e-03 4.360000000000000000e+02
4.849999999999999867e-01 6.674119953051642629e-01 7.358689996134509803e-03 4.260000000000000000e+02
4.949999999999999956e-01 6.833417755102041413e-01 7.262891818270326115e-03 4.410000000000000000e+02
5.050000000000000044e-01 6.777565635103925956e-01 6.972269261438441765e-03 4.330000000000000000e+02
5.150000000000000133e-01 7.018691497005987712e-01 6.696412074158012741e-03 5.010000000000000000e+02
5.250000000000000222e-01 7.133258662551440477e-01 7.058421701784104406e-03 4.860000000000000000e+02
5.350000000000000311e-01 7.294730133333333644e-01 7.201338753712732688e-03 5.250000000000000000e+02
5.450000000000000400e-01 7.557748612099643992e-01 6.591203607611958483e-03 5.620000000000000000e+02
5.550000000000000488e-01 7.562135675675675239e-01 6.380080528171501106e-03 5.550000000000000000e+02
5.650000000000000577e-01 7.726161789473683372e-01 6.455049707669141199e-03 5.700000000000000000e+02
5.749999999999999556e-01 8.005002013536379746e-01 6.411756947146076205e-03 5.910000000000000000e+02
5.849999999999999645e-01 8.183743156996587942e-01 7.101895866194851518e-03 5.860000000000000000e+02
5.949999999999999734e-01 8.483885348484847544e-01 6.695578246861713136e-03 6.600000000000000000e+02
6.049999999999999822e-01 8.622153226788431546e-01 6.786344843752454767e-03 6.570000000000000000e+02
6.149999999999999911e-01 8.814036002844948259e-01 6.228769917250415698e-03 7.030000000000000000e+02
6.250000000000000000e-01 9.069084259259260206e-01 7.012441030892367991e-03 6.480000000000000000e+02
6.350000000000000089e-01 9.443135718518519406e-01 6.689375021126096540e-03 6.750000000000000000e+02
6.450000000000000178e-01 9.738538641390204198e-01 7.093380990054317867e-03 6.330000000000000000e+02
6.550000000000000266e-01 1.002515195158850236e+00 7.537137009237679375e-03 6.610000000000000000e+02
6.650000000000000355e-01 1.026575621666666605e+00 7.984325373904824219e-03 6.000000000000000000e+02
6.750000000000000444e-01 1.047822648780487809e+00 8.034092775474619905e-03 6.150000000000000000e+02
6.850000000000000533e-01 1.080753435943060392e+00 8.498755501774332352e-03 5.620000000000000000e+02
6.950000000000000622e-01 1.100793565062388568e+00 8.824362223478718695e-03 5.610000000000000000e+02
7.050000000000000711e-01 1.120317281481481686e+00 9.328187497045489773e-03 5.400000000000000000e+02
7.149999999999999689e-01 1.127183322638146024e+00 8.748295421344712275e-03 5.610000000000000000e+02
7.249999999999999778e-01 1.158009568665377076e+00 9.355904356342958569e-03 5.170000000000000000e+02
7.349999999999999867e-01 1.165486462962962877e+00 1.016437131607083461e-02 4.320000000000000000e+02
7.449999999999999956e-01 1.186123339357429751e+00 1.028670760244842185e-02 4.980000000000000000e+02
7.550000000000000044e-01 1.229354125541125775e+00 1.119093711098327615e-02 4.620000000000000000e+02
7.650000000000000133e-01 1.207812277511961740e+00 1.115160117673831899e-02 4.180000000000000000e+02
7.750000000000000222e-01 1.216953918367347010e+00 1.041354926915668243e-02 4.410000000000000000e+02
7.850000000000000311e-01 1.221187971128608885e+00 1.141236130006956923e-02 3.810000000000000000e+02
7.950000000000000400e-01 1.222081583815028960e+00 1.204629092806854332e-02 3.460000000000000000e+02
8.050000000000000488e-01 1.223667660714285788e+00 1.271843492182122420e-02 3.360000000000000000e+02
8.150000000000000577e-01 1.231454504424778662e+00 1.239124120992367989e-02 3.390000000000000000e+02
8.250000000000000666e-01 1.216294340659340723e+00 1.366063206637144721e-02 2.730000000000000000e+02
8.349999999999999645e-01 1.217580097014925311e+00 1.404351828088652027e-02 2.680000000000000000e+02
8.449999999999999734e-01 1.180679337499999981e+00 1.403461718746432801e-02 2.400000000000000000e+02
8.549999999999999822e-01 1.182437083333333305e+00 1.488530719554771904e-02 2.160000000000000000e+02
8.649999999999999911e-01 1.180049344632768449e+00 1.569103988312528161e-02 1.770000000000000000e+02
8.750000000000000000e-01 1.162457640287769767e+00 1.832397702125006939e-02 1.390000000000000000e+02
8.850000000000000089e-01 1.099974293333333408e+00 1.750372726915810570e-02 1.500000000000000000e+02
8.950000000000000178e-01 1.144910754385964680e+00 2.254240527080448447e-02 1.140000000000000000e+02
9.050000000000000266e-01 1.092015615384615224e+00 2.293900956887992559e-02 9.100000000000000000e+01
9.150000000000000355e-01 1.103339753086419517e+00 2.102315741546181838e-02 8.100000000000000000e+01
9.250000000000000444e-01 1.080944308641975216e+00 2.348448239857335584e-02 8.100000000000000000e+01
9.350000000000000533e-01 1.040965106060605994e+00 2.369616486498785091e-02 6.600000000000000000e+01
9.450000000000000622e-01 1.026291181818181686e+00 2.478154717623321304e-02 5.500000000000000000e+01
9.550000000000000711e-01 1.040703333333333536e+00 2.700051729257545857e-02 4.500000000000000000e+01
9.649999999999999689e-01 1.038039366666666741e+00 2.949633473744898635e-02 3.000000000000000000e+01
9.749999999999999778e-01 1.043615136363636342e+00 5.119988860425243871e-02 2.200000000000000000e+01
9.849999999999999867e-01 1.015388047619047551e+00 3.732327158001561007e-02 2.100000000000000000e+01
9.949999999999999956e-01 1.020539190476190461e+00 4.176006261772461509e-02 2.100000000000000000e+01
1.004999999999999893e+00 1.027116133333333403e+00 4.935923462118518845e-02 1.500000000000000000e+01
1.015000000000000124e+00 9.891064000000000522e-01 7.103824705986047650e-02 1.000000000000000000e+01
1.024999999999999911e+00 8.802069999999999617e-01 1.010320700480792921e-01 6.000000000000000000e+00
1.044999999999999929e+00 9.859130000000000393e-01 1.166679513505458621e-01 3.000000000000000000e+00
1.055000000000000160e+00 1.144930000000000003e+00 0.000000000000000000e+00 1.000000000000000000e+00
