0.000000 nan
0.500000 0.000000
1.000000 0.000000
1.500000 0.000000
2.000000 0.000000
2.500000 0.000000
3.000000 0.000000
3.500000 0.000000
4.000000 0.017466
4.500000 0.020700
5.000000 0.036328
5.500000 0.099308
6.000000 0.170774
6.500000 0.261260
7.000000 0.412045
7.500000 0.603610
8.000000 0.737920
8.500000 0.987258
9.000000 1.166096
9.500000 1.212236
10.000000 1.339958
10.500000 1.380136
11.000000 1.356251
11.500000 1.316421
12.000000 1.292937
12.500000 1.193359
13.000000 1.131851
13.500000 1.139646
14.000000 1.056845
14.500000 0.983222
15.000000 0.990491
15.500000 0.984614
16.000000 0.961970
16.500000 0.970245
17.000000 0.987983
17.500000 0.957427
18.000000 0.951765
18.500000 0.944084
19.000000 0.977684
19.500000 0.962179
20.000000 0.994140
20.500000 0.976492
21.000000 1.000250
21.500000 0.967114
22.000000 0.976917
22.500000 0.979383
23.000000 0.964601
23.500000 0.978514
24.000000 0.978072
24.500000 0.971728
25.000000 0.978183
25.500000 0.966522
26.000000 0.956162
26.500000 0.962701
27.000000 0.976155
27.500000 0.967402
28.000000 0.972636
28.500000 0.979147
29.000000 0.945093
29.500000 0.977389
30.000000 0.959985
30.500000 0.953626
31.000000 0.963968
31.500000 0.957548
32.000000 0.957945
32.500000 0.964083
33.000000 0.964728
33.500000 0.965341
34.000000 0.958732
34.500000 0.959905
35.000000 0.962787
35.500000 0.966680
36.000000 0.973813
36.500000 0.980353
37.000000 0.964446
37.500000 0.963540
38.000000 0.985038
38.500000 0.967490
39.000000 0.969988
39.500000 0.973437
40.000000 0.965365
40.500000 0.967615
41.000000 0.962777
41.500000 0.979065
42.000000 0.968052
42.500000 0.970742
43.000000 0.984835
43.500000 0.967383
44.000000 0.956853
44.500000 0.971527
45.000000 0.966997
45.500000 0.978662
46.000000 0.973878
46.500000 0.966165
47.000000 0.977471
47.500000 0.973319
48.000000 0.977344
48.500000 0.976067
49.000000 0.973736
49.500000 0.975406
50.000000 0.971672
50.500000 0.978633
51.000000 0.975171
51.500000 0.969103
52.000000 0.970321
52.500000 0.977045
53.000000 0.969839
53.500000 0.979084
54.000000 0.983654
54.500000 0.984363
55.000000 0.981051
55.500000 0.967446
56.000000 0.976891
56.500000 0.976332
57.000000 0.971191
57.500000 0.976349
58.000000 0.971758
58.500000 0.973978
59.000000 0.973757
59.500000 0.971096
60.000000 0.971551
60.500000 0.972164
61.000000 0.968609
61.500000 0.975532
62.000000 0.968784
62.500000 0.974110
63.000000 0.976646
63.500000 0.972467
64.000000 0.969253
64.500000 0.973899
65.000000 0.976534
65.500000 0.965834
66.000000 0.967342
66.500000 0.974462
67.000000 0.968609
67.500000 0.975120
68.000000 0.972768
68.500000 0.973374
69.000000 0.976501
69.500000 0.967231
70.000000 0.966437
70.500000 0.972034
71.000000 0.970810
71.500000 0.969674
72.000000 0.971104
72.500000 0.973785
73.000000 0.968108
73.500000 0.966672
74.000000 0.965747
74.500000 0.967341
75.000000 0.964174
75.500000 0.969008
76.000000 0.966472
76.500000 0.960983
77.000000 0.967266
77.500000 0.969528
78.000000 0.970366
78.500000 0.965062
79.000000 0.966766
79.500000 0.972517
80.000000 0.965977
80.500000 0.962898
81.000000 0.963026
81.500000 0.966223
82.000000 0.969645
82.500000 0.973365
83.000000 0.967991
83.500000 0.973658
84.000000 0.971190
84.500000 0.967108
85.000000 0.968837
85.500000 0.968615
86.000000 0.966255
86.500000 0.968814
87.000000 0.965805
87.500000 0.972775
88.000000 0.964855
88.500000 0.963688
89.000000 0.966994
89.500000 0.972459
90.000000 0.971836
90.500000 0.967823
91.000000 0.966404
91.500000 0.974137
92.000000 0.970123
92.500000 0.969951
93.000000 0.968904
93.500000 0.971994
94.000000 0.969770
94.500000 0.973006
95.000000 0.968395
95.500000 0.970944
96.000000 0.972500
96.500000 0.972209
97.000000 0.971619
97.500000 0.969014
98.000000 0.968833
98.500000 0.971832
99.000000 0.969097
99.500000 0.976367
100.000000 0.970457
100.500000 0.967859
101.000000 0.968860
101.500000 0.967964
102.000000 0.970061
102.500000 0.969750
103.000000 0.972751
103.500000 0.972629
104.000000 0.971961
104.500000 0.971792
105.000000 0.971405
105.500000 0.966607
106.000000 0.967794
106.500000 0.968915
107.000000 0.973556
107.500000 0.973299
108.000000 0.971818
108.500000 0.969564
109.000000 0.970621
109.500000 0.968041
110.000000 0.968054
110.500000 0.969715
111.000000 0.970836
111.500000 0.972517
112.000000 0.968659
112.500000 0.970584
113.000000 0.978203
113.500000 0.968101
114.000000 0.970793
114.500000 0.968893
115.000000 0.970739
115.500000 0.972916
116.000000 0.968591
116.500000 0.970456
117.000000 0.973458
117.500000 0.970119
118.000000 0.971027
118.500000 0.974004
119.000000 0.969122
119.500000 0.972375
120.000000 0.974122
120.500000 0.974379
121.000000 0.971196
121.500000 0.969276
122.000000 0.975049
122.500000 0.977185
123.000000 0.971671
123.500000 0.968881
124.000000 0.971479
124.500000 0.970849
