# q  S_avg  S_stderr  n_modes
5.000000000000000104e-03 1.012500000000000000e+04 0.000000000000000000e+00 1.000000000000000000e+00
2.500000000000000139e-02 3.086452199999999979e-01 1.001095840344889132e-01 5.000000000000000000e+00
3.500000000000000333e-02 2.855719999999999814e+00 0.000000000000000000e+00 1.000000000000000000e+00
4.499999999999999833e-02 3.296274222222222772e+00 7.247238359756383863e-01 9.000000000000000000e+00
5.500000000000000028e-02 2.385922999999999572e+00 9.435180797602132907e-01 6.000000000000000000e+00
6.500000000000000222e-02 3.334947866666666094e+00 1.048474119610701694e+00 1.500000000000000000e+01
7.500000000000001110e-02 1.892154076923076911e+00 3.142506354113981937e-01 1.300000000000000000e+01
8.499999999999999223e-02 2.500170888888889387e+00 5.571499094320396805e-01 1.800000000000000000e+01
9.500000000000000111e-02 1.735742166666666586e+00 3.879464222958947661e-01 1.800000000000000000e+01
1.050000000000000100e-01 2.604991035714285808e+00 4.179623910747273796e-01 2.800000000000000000e+01
1.149999999999999911e-01 1.888269714285714551e+00 3.157152657190241407e-01 2.100000000000000000e+01
1.250000000000000000e-01 1.746275785714285655e+00 2.860877212786217538e-01 4.200000000000000000e+01
1.350000000000000089e-01 1.249765181818181858e+00 1.482168965952997408e-01 3.300000000000000000e+01
1.450000000000000178e-01 1.553543673469387709e+00 1.706316584905107070e-01 4.900000000000000000e+01
1.549999999999999989e-01 1.257477770833333564e+00 1.158560602086419755e-01 4.800000000000000000e+01
1.650000000000000078e-01 1.112781111111111221e+00 9.833663403184976504e-02 5.400000000000000000e+01
1.749999999999999889e-01 1.147121894736842007e+00 7.649873371178568526e-02 5.700000000000000000e+01
1.849999999999999978e-01 9.986795921052632474e-01 6.663922769932789647e-02 7.600000000000000000e+01
1.950000000000000067e-01 8.928748666666667111e-01 4.988205028552045173e-02 9.000000000000000000e+01
2.050000000000000155e-01 7.647683650793651866e-01 4.634688568708368595e-02 6.300000000000000000e+01
2.149999999999999967e-01 7.809661192660548590e-01 3.563957322156573876e-02 1.090000000000000000e+02
2.250000000000000056e-01 7.782716282051281853e-01 3.961468229943309466e-02 7.800000000000000000e+01
2.349999999999999867e-01 6.804027539682540038e-01 2.354660069716177362e-02 1.260000000000000000e+02
2.449999999999999956e-01 6.546807058823528314e-01 2.370684270450271192e-02 1.020000000000000000e+02
2.550000000000000044e-01 6.189533034482759266e-01 2.158441174134820631e-02 1.450000000000000000e+02
2.650000000000000133e-01 5.834826507936508033e-01 1.826581758650308238e-02 1.260000000000000000e+02
2.750000000000000222e-01 5.599461627906977546e-01 1.577212582145811476e-02 1.290000000000000000e+02
2.850000000000000311e-01 5.623262745098039916e-01 1.488810511891133781e-02 1.530000000000000000e+02
2.949999999999999845e-01 5.214294157303370758e-01 1.315411539564370104e-02 1.780000000000000000e+02
3.049999999999999933e-01 5.175490057471264782e-01 1.115623562850886173e-02 1.740000000000000000e+02
3.150000000000000022e-01 5.069934497354496861e-01 8.890116765154111936e-03 1.890000000000000000e+02
3.250000000000000111e-01 5.090877512953366768e-01 9.087201191807050757e-03 1.930000000000000000e+02
3.350000000000000200e-01 5.049892254901959809e-01 9.478504372880339895e-03 2.040000000000000000e+02
3.450000000000000289e-01 5.127242337662337723e-01 8.598826629288028323e-03 2.310000000000000000e+02
3.549999999999999822e-01 4.962836794871794965e-01 7.799083104555377434e-03 2.340000000000000000e+02
3.649999999999999911e-01 5.135442058823529443e-01 8.111510053196028039e-03 2.380000000000000000e+02
3.750000000000000000e-01 5.078715680272107846e-01 6.540849164283385128e-03 2.940000000000000000e+02
3.850000000000000089e-01 4.942825775193798177e-01 6.535233092974526183e-03 2.580000000000000000e+02
3.950000000000000178e-01 5.008340877862595963e-01 6.429792478164458695e-03 2.620000000000000000e+02
4.050000000000000266e-01 4.980498302469135719e-01 5.353800649228159653e-03 3.240000000000000000e+02
4.150000000000000355e-01 5.040342777777777616e-01 5.335299369366925011e-03 3.240000000000000000e+02
4.249999999999999889e-01 5.162083827160492966e-01 5.448370598194637177e-03 3.240000000000000000e+02
4.349999999999999978e-01 5.188962443181818207e-01 4.780809326482553245e-03 3.520000000000000000e+02
4.450000000000000067e-01 5.356127803617570793e-01 4.566341174154303628e-03 3.870000000000000000e+02
4.550000000000000155e-01 5.405081710914453330e-01 5.176507434721633154e-03 3.390000000000000000e+02
4.650000000000000244e-01 5.669599065656565351e-01 5.064377689956913765e-03 3.960000000000000000e+02
4.749999999999999778e-01 5.717987362385320571e-01 4.752276787472607678e-03 4.360000000000000000e+02
4.849999999999999867e-01 5.929777629107980674e-01 4.347785751837097631e-03 4.260000000000000000e+02
4.949999999999999956e-01 6.004652448979592716e-01 4.725625776259669182e-03 4.410000000000000000e+02
5.050000000000000044e-01 6.285201709006927873e-01 4.986549292995525254e-03 4.330000000000000000e+02
5.150000000000000133e-01 6.567444011976047991e-01 4.576850972504174775e-03 5.010000000000000000e+02
5.250000000000000222e-01 6.821875514403292762e-01 4.715020088599936737e-03 4.860000000000000000e+02
5.350000000000000311e-01 7.138597885714285107e-01 4.840097611722096391e-03 5.250000000000000000e+02
5.450000000000000400e-01 7.390988540925267358e-01 4.663562866361868099e-03 5.620000000000000000e+02
5.550000000000000488e-01 7.958192072072071133e-01 5.351821246920380505e-03 5.550000000000000000e+02
5.650000000000000577e-01 8.322054771929824346e-01 4.965643486508756511e-03 5.700000000000000000e+02
5.749999999999999556e-01 8.892767326565144126e-01 5.579407524874265348e-03 5.910000000000000000e+02
5.849999999999999645e-01 9.455484522184298690e-01 5.795162400235828390e-03 5.860000000000000000e+02
5.949999999999999734e-01 9.988208333333332689e-01 5.830923670914012723e-03 6.600000000000000000e+02
6.049999999999999822e-01 1.079126098934551026e+00 6.059186755697629732e-03 6.570000000000000000e+02
6.149999999999999911e-01 1.135257580369843478e+00 6.384355057608984835e-03 7.030000000000000000e+02
6.250000000000000000e-01 1.188417403903903935e+00 6.765350751758545875e-03 6.660000000000000000e+02
6.350000000000000089e-01 1.269517924000000075e+00 6.850979887489477838e-03 7.500000000000000000e+02
6.450000000000000178e-01 1.298226072222222083e+00 6.875659878494241005e-03 7.200000000000000000e+02
6.550000000000000266e-01 1.337387122721749533e+00 6.424261903276285920e-03 8.230000000000000000e+02
6.650000000000000355e-01 1.374041285333333473e+00 6.772392447283663575e-03 7.500000000000000000e+02
6.750000000000000444e-01 1.384634976931949257e+00 6.778972451775363076e-03 8.670000000000000000e+02
6.850000000000000533e-01 1.402356396984924647e+00 7.253762120172558940e-03 7.960000000000000000e+02
6.950000000000000622e-01 1.382635456321839262e+00 6.745762024883553316e-03 8.700000000000000000e+02
7.050000000000000711e-01 1.378555489042675886e+00 6.505270734726999356e-03 8.670000000000000000e+02
7.149999999999999689e-01 1.349980776729559739e+00 6.396901716059425272e-03 9.540000000000000000e+02
7.249999999999999778e-01 1.325244471535983015e+00 6.069228641400403572e-03 9.310000000000000000e+02
7.349999999999999867e-01 1.291381305369127652e+00 6.365050152812634643e-03 8.940000000000000000e+02
7.449999999999999956e-01 1.263948977450980449e+00 5.679132866136025679e-03 1.020000000000000000e+03
7.550000000000000044e-01 1.240929651515151555e+00 5.362845025032509684e-03 1.056000000000000000e+03
7.650000000000000133e-01 1.212545800781249961e+00 5.404120106680625375e-03 1.024000000000000000e+03
7.750000000000000222e-01 1.176791501792114669e+00 4.979227642897482778e-03 1.116000000000000000e+03
7.850000000000000311e-01 1.152736665745856204e+00 4.772816515807257187e-03 1.086000000000000000e+03
7.950000000000000400e-01 1.134409774660633641e+00 4.833111327919475605e-03 1.105000000000000000e+03
8.050000000000000488e-01 1.119474609075043814e+00 4.539622065194175680e-03 1.146000000000000000e+03
8.150000000000000577e-01 1.081302988973706691e+00 4.464801009664490575e-03 1.179000000000000000e+03
8.250000000000000666e-01 1.069794447811448057e+00 4.292289763076814757e-03 1.188000000000000000e+03
8.349999999999999645e-01 1.050265783429040312e+00 4.297295761184929778e-03 1.219000000000000000e+03
8.449999999999999734e-01 1.040137457099468588e+00 4.156704763163009998e-03 1.317000000000000000e+03
8.549999999999999822e-01 1.010375957854406037e+00 3.932617955542634831e-03 1.305000000000000000e+03
8.649999999999999911e-01 1.001364097949886345e+00 3.898469408657773312e-03 1.317000000000000000e+03
8.750000000000000000e-01 9.827314340786430513e-01 3.817854487152424169e-03 1.297000000000000000e+03
8.850000000000000089e-01 9.786128726114650123e-01 3.734109304638884210e-03 1.413000000000000000e+03
8.950000000000000178e-01 9.577246036414566177e-01 3.674894773711964453e-03 1.428000000000000000e+03
9.050000000000000266e-01 9.468683427391604290e-01 3.375482386003352507e-03 1.453000000000000000e+03
9.150000000000000355e-01 9.420522453608247693e-01 3.365848758477690220e-03 1.455000000000000000e+03
9.250000000000000444e-01 9.264043902912622030e-01 3.273256720839892112e-03 1.545000000000000000e+03
9.350000000000000533e-01 9.138483526383526234e-01 3.268931748640833881e-03 1.554000000000000000e+03
9.450000000000000622e-01 9.091014318749999212e-01 3.109549451592350400e-03 1.600000000000000000e+03
9.550000000000000711e-01 9.029626327575175360e-01 3.274934651538040711e-03 1.563000000000000000e+03
9.649999999999999689e-01 8.930358844525106976e-01 3.073581020808139642e-03 1.653000000000000000e+03
9.749999999999999778e-01 8.879761934541204882e-01 2.998836222838027060e-03 1.711000000000000000e+03
9.849999999999999867e-01 8.841730041152263686e-01 3.104194636302314014e-03 1.701000000000000000e+03
9.949999999999999956e-01 8.732779883245767039e-01 2.969741995387743718e-03 1.713000000000000000e+03
1.004999999999999893e+00 8.763493006100943061e-01 2.947084813817180300e-03 1.803000000000000000e+03
1.015000000000000124e+00 8.705752121043863756e-01 2.880673136860507130e-03 1.801000000000000000e+03
1.024999999999999911e+00 8.640714174757282429e-01 2.812285017958363834e-03 1.854000000000000000e+03
1.035000000000000142e+00 8.642803110749185391e-01 2.854026531390538735e-03 1.842000000000000000e+03
1.044999999999999929e+00 8.614501774278214841e-01 2.846047679558252972e-03 1.905000000000000000e+03
1.055000000000000160e+00 8.650109208289055163e-01 2.863505422522529681e-03 1.882000000000000000e+03
1.064999999999999947e+00 8.622140047393365148e-01 2.815954270720104607e-03 1.899000000000000000e+03
1.075000000000000178e+00 8.605629611992945405e-01 2.945014599775087373e-03 1.701000000000000000e+03
1.084999999999999964e+00 8.611924176728869007e-01 2.886853928360371638e-03 1.822000000000000000e+03
1.095000000000000195e+00 8.660710713489410129e-01 2.945246859567506471e-03 1.794000000000000000e+03
1.104999999999999982e+00 8.675015927295133267e-01 3.044033679574375748e-03 1.623000000000000000e+03
1.115000000000000213e+00 8.794743208616779828e-01 2.912397870156941022e-03 1.764000000000000000e+03
1.125000000000000000e+00 8.858735981198589959e-01 3.022881609281228600e-03 1.702000000000000000e+03
1.135000000000000231e+00 9.000712744014733868e-01 3.180003625624589717e-03 1.629000000000000000e+03
1.145000000000000018e+00 9.055877188249401577e-01 3.098477011477842637e-03 1.668000000000000000e+03
1.155000000000000027e+00 9.150462578616351816e-01 3.321951400103261790e-03 1.590000000000000000e+03
1.165000000000000036e+00 9.328025270903008703e-01 3.385599296916331352e-03 1.495000000000000000e+03
1.174999999999999822e+00 9.528915815085158281e-01 3.393416163703978985e-03 1.644000000000000000e+03
1.185000000000000053e+00 9.777388639999998743e-01 3.535803472048478988e-03 1.500000000000000000e+03
1.194999999999999840e+00 1.001069697972972961e+00 3.676613883811933377e-03 1.480000000000000000e+03
1.205000000000000071e+00 1.021316420979986317e+00 3.833714958193491350e-03 1.449000000000000000e+03
1.214999999999999858e+00 1.049907375431331946e+00 3.905593956099185672e-03 1.449000000000000000e+03
1.225000000000000089e+00 1.065567968148148026e+00 3.943231935970409850e-03 1.350000000000000000e+03
1.234999999999999876e+00 1.091041794853466751e+00 4.207025952473123463e-03 1.399000000000000000e+03
1.245000000000000107e+00 1.104918508208422745e+00 4.289762273756581555e-03 1.401000000000000000e+03
1.254999999999999893e+00 1.123562661124307027e+00 4.371411685534578283e-03 1.263000000000000000e+03
1.265000000000000124e+00 1.130452315537848529e+00 4.396598864452557105e-03 1.255000000000000000e+03
1.274999999999999911e+00 1.145440024199844142e+00 4.429440828625950607e-03 1.281000000000000000e+03
1.285000000000000142e+00 1.156001409850483830e+00 4.839113793525180382e-03 1.137000000000000000e+03
1.294999999999999929e+00 1.149927592592592696e+00 4.683881496463477949e-03 1.215000000000000000e+03
1.305000000000000160e+00 1.145488672231985916e+00 4.773491557212135306e-03 1.138000000000000000e+03
1.314999999999999947e+00 1.146565731060606108e+00 4.923033798395710925e-03 1.056000000000000000e+03
1.325000000000000178e+00 1.143687924418604673e+00 5.051590256801322294e-03 1.032000000000000000e+03
1.334999999999999964e+00 1.134213354345749769e+00 5.018429308200807355e-03 1.047000000000000000e+03
1.345000000000000195e+00 1.119059600202429117e+00 4.954336726068919554e-03 9.880000000000000000e+02
1.354999999999999982e+00 1.099915902280130364e+00 5.272764256966815111e-03 9.210000000000000000e+02
1.365000000000000213e+00 1.078704847402597533e+00 4.806623769739061872e-03 9.240000000000000000e+02
1.375000000000000000e+00 1.080715069411764873e+00 5.334832656549133925e-03 8.500000000000000000e+02
1.385000000000000231e+00 1.073946097883597739e+00 5.388411269243301334e-03 7.560000000000000000e+02
1.395000000000000018e+00 1.053811440344403438e+00 5.184243354950050960e-03 8.130000000000000000e+02
1.405000000000000027e+00 1.044304428374655647e+00 5.330763568314992804e-03 7.260000000000000000e+02
1.415000000000000036e+00 1.037405898638426471e+00 5.601895069588781750e-03 6.610000000000000000e+02
1.424999999999999822e+00 1.019104827380952427e+00 5.694531337776011226e-03 6.720000000000000000e+02
1.435000000000000053e+00 1.019843162162161976e+00 6.275503021578122953e-03 5.550000000000000000e+02
1.444999999999999840e+00 1.009052541666666469e+00 6.232463768174436973e-03 5.520000000000000000e+02
1.455000000000000071e+00 9.934683346693385930e-01 6.349586486634506075e-03 4.990000000000000000e+02
1.464999999999999858e+00 9.937613545647558944e-01 6.770874749557221489e-03 4.710000000000000000e+02
1.475000000000000089e+00 9.994804650537634227e-01 7.340973691273449710e-03 3.720000000000000000e+02
1.484999999999999876e+00 9.844015849999999679e-01 7.128084397130372667e-03 4.000000000000000000e+02
1.495000000000000107e+00 9.819027191358025153e-01 7.483512819321800832e-03 3.240000000000000000e+02
1.504999999999999893e+00 9.716615887850467148e-01 7.763108409163636467e-03 3.210000000000000000e+02
1.515000000000000124e+00 9.647667912457912331e-01 8.184684359804419995e-03 2.970000000000000000e+02
1.524999999999999911e+00 9.606438992537312815e-01 8.153598607757096134e-03 2.680000000000000000e+02
1.535000000000000142e+00 9.416562827004218983e-01 8.249864530060949108e-03 2.370000000000000000e+02
1.544999999999999929e+00 9.374929999999997987e-01 8.561278807278091887e-03 2.100000000000000000e+02
1.555000000000000160e+00 9.581984020100503541e-01 1.010197075659969961e-02 1.990000000000000000e+02
1.564999999999999947e+00 9.362287566137564854e-01 9.301428931071073145e-03 1.890000000000000000e+02
1.575000000000000178e+00 9.281630363636363956e-01 1.004282895432143281e-02 1.650000000000000000e+02
1.584999999999999964e+00 9.372921933333333566e-01 1.105489740588120468e-02 1.500000000000000000e+02
1.595000000000000195e+00 9.220838848920862585e-01 1.221349668609396193e-02 1.390000000000000000e+02
1.604999999999999982e+00 9.356118425925926685e-01 1.307513343635668956e-02 1.080000000000000000e+02
1.615000000000000213e+00 9.477293978494621962e-01 1.270743973975995561e-02 9.300000000000000000e+01
1.625000000000000000e+00 9.329427714285714046e-01 1.390313182338420890e-02 1.050000000000000000e+02
1.635000000000000231e+00 9.214600439560439726e-01 1.237334719561273590e-02 9.100000000000000000e+01
1.645000000000000018e+00 9.250312753623187723e-01 1.484474685882495454e-02 6.900000000000000000e+01
1.655000000000000249e+00 9.241215454545455010e-01 1.468948835126656673e-02 6.600000000000000000e+01
1.665000000000000036e+00 9.076245945945945470e-01 1.622428476629608068e-02 3.700000000000000000e+01
1.674999999999999822e+00 9.115061388888889837e-01 2.204043382880989041e-02 3.600000000000000000e+01
1.685000000000000053e+00 9.179519333333333586e-01 1.859234312729383595e-02 4.500000000000000000e+01
1.694999999999999840e+00 9.423835000000000406e-01 2.058050551836057215e-02 3.600000000000000000e+01
1.705000000000000071e+00 9.704695357142857359e-01 1.827337049745487649e-02 2.800000000000000000e+01
1.714999999999999858e+00 9.064436666666666476e-01 2.328566092810616453e-02 2.100000000000000000e+01
1.725000000000000089e+00 9.289174999999999516e-01 3.967667488960554406e-02 1.200000000000000000e+01
1.734999999999999876e+00 1.158823666666666474e+00 1.159894988929792842e-01 3.000000000000000000e+00
1.745000000000000107e+00 9.965277999999999636e-01 4.139029897070622271e-02 1.000000000000000000e+01
1.754999999999999893e+00 8.484406666666668428e-01 4.249157892701931061e-02 6.000000000000000000e+00
1.765000000000000124e+00 9.437726666666667041e-01 8.183158210481927819e-02 3.000000000000000000e+00
1.774999999999999911e+00 1.191400000000000015e+00 0.000000000000000000e+00 1.000000000000000000e+00
