0.000000 nan
0.500000 0.000000
1.000000 0.000000
1.500000 0.000000
2.000000 0.000000
2.500000 0.000000
3.000000 0.007762
3.500000 0.000000
4.000000 0.008733
4.500000 0.013800
5.000000 0.019561
5.500000 0.066975
6.000000 0.118378
6.500000 0.180236
7.000000 0.337905
7.500000 0.473200
8.000000 0.640768
8.500000 0.823843
9.000000 0.953059
9.500000 1.144115
10.000000 1.224685
10.500000 1.275580
11.000000 1.300246
11.500000 1.268878
12.000000 1.212401
12.500000 1.148200
13.000000 1.098780
13.500000 1.013913
14.000000 1.033320
14.500000 0.967272
15.000000 0.973104
15.500000 0.963387
16.000000 0.918579
16.500000 0.945354
17.000000 0.943745
17.500000 0.925261
18.000000 0.977209
18.500000 0.950208
19.000000 0.945366
19.500000 0.970079
20.000000 0.962876
20.500000 0.988960
21.000000 0.960962
21.500000 0.951850
22.000000 0.973164
22.500000 0.978693
23.000000 0.973845
23.500000 0.967382
24.000000 0.971279
24.500000 0.978246
25.000000 0.985784
25.500000 0.972646
26.000000 0.970424
26.500000 0.971555
27.000000 0.975005
27.500000 0.979042
28.000000 0.976289
28.500000 0.989468
29.000000 0.977158
29.500000 0.975061
30.000000 0.960916
30.500000 0.978485
31.000000 0.965277
31.500000 0.971207
32.000000 0.976366
32.500000 0.974268
33.000000 0.976468
33.500000 0.960983
34.000000 0.972330
34.500000 0.982386
35.000000 0.973965
35.500000 0.996781
36.000000 0.981791
36.500000 0.989110
37.000000 0.970213
37.500000 0.991659
38.000000 0.983442
38.500000 1.005479
39.000000 0.981654
39.500000 0.991885
40.000000 0.976150
40.500000 0.975282
41.000000 0.984970
41.500000 0.984339
42.000000 0.971339
42.500000 0.971284
43.000000 0.981019
43.500000 0.975579
44.000000 0.984062
44.500000 0.978371
45.000000 0.981591
45.500000 0.970023
46.000000 0.969884
46.500000 0.981060
47.000000 0.975984
47.500000 0.973473
48.000000 0.982802
48.500000 0.980938
49.000000 0.977781
49.500000 0.972897
50.000000 0.972622
50.500000 0.969977
51.000000 0.965823
51.500000 0.972316
52.000000 0.977917
52.500000 0.974282
53.000000 0.981852
53.500000 0.964220
54.000000 0.967171
54.500000 0.971192
55.000000 0.971790
55.500000 0.982097
56.000000 0.973794
56.500000 0.968409
57.000000 0.967922
57.500000 0.977554
58.000000 0.969827
58.500000 0.974918
59.000000 0.974620
59.500000 0.972142
60.000000 0.968155
60.500000 0.969358
61.000000 0.962544
61.500000 0.963803
62.000000 0.963714
62.500000 0.968977
63.000000 0.968074
63.500000 0.971618
64.000000 0.968332
64.500000 0.971027
65.000000 0.970647
65.500000 0.968977
66.000000 0.966652
66.500000 0.970718
67.000000 0.973947
67.500000 0.975549
68.000000 0.973871
68.500000 0.972883
69.000000 0.972994
69.500000 0.968403
70.000000 0.970986
70.500000 0.975436
71.000000 0.968661
71.500000 0.977627
72.000000 0.967681
72.500000 0.969399
73.000000 0.973234
73.500000 0.968663
74.000000 0.972751
74.500000 0.972854
75.000000 0.975091
75.500000 0.976754
76.000000 0.979402
76.500000 0.973792
77.000000 0.973712
77.500000 0.970261
78.000000 0.974845
78.500000 0.973950
79.000000 0.969687
79.500000 0.973821
80.000000 0.971402
80.500000 0.973021
81.000000 0.974494
81.500000 0.973028
82.000000 0.963868
82.500000 0.973181
83.000000 0.969867
83.500000 0.968748
84.000000 0.972141
84.500000 0.972059
85.000000 0.971226
85.500000 0.966169
86.000000 0.966236
86.500000 0.970728
87.000000 0.965574
87.500000 0.968951
88.000000 0.971314
88.500000 0.969236
89.000000 0.967294
89.500000 0.973113
90.000000 0.967808
90.500000 0.968420
91.000000 0.963139
91.500000 0.969439
92.000000 0.965765
92.500000 0.968400
93.000000 0.965277
93.500000 0.966376
94.000000 0.969785
94.500000 0.967483
95.000000 0.967188
95.500000 0.971649
96.000000 0.965367
96.500000 0.965479
97.000000 0.971411
97.500000 0.970079
98.000000 0.964709
98.500000 0.971458
99.000000 0.973574
99.500000 0.973093
100.000000 0.970694
100.500000 0.968115
101.000000 0.975675
101.500000 0.970853
102.000000 0.970907
102.500000 0.966943
103.000000 0.973712
103.500000 0.975525
104.000000 0.966148
104.500000 0.969656
105.000000 0.971570
105.500000 0.972865
106.000000 0.970554
106.500000 0.971533
107.000000 0.971256
107.500000 0.972174
108.000000 0.967200
108.500000 0.977018
109.000000 0.969316
109.500000 0.974421
110.000000 0.971761
110.500000 0.971666
111.000000 0.970468
111.500000 0.972258
112.000000 0.976729
112.500000 0.973460
113.000000 0.969454
113.500000 0.969023
114.000000 0.971029
114.500000 0.969974
115.000000 0.971357
115.500000 0.970067
116.000000 0.971416
116.500000 0.970322
117.000000 0.972453
117.500000 0.970838
118.000000 0.975568
118.500000 0.970387
119.000000 0.971194
119.500000 0.971386
120.000000 0.972963
120.500000 0.969009
121.000000 0.970184
121.500000 0.968642
122.000000 0.969712
122.500000 0.970215
123.000000 0.971117
123.500000 0.970479
124.000000 0.969393
124.500000 0.965729
