0.000000 nan
0.500000 0.000000
1.000000 0.000000
1.500000 0.000000
2.000000 0.000000
2.500000 0.000000
3.000000 0.000000
3.500000 0.000000
4.000000 0.013099
4.500000 0.031050
5.000000 0.016767
5.500000 0.062356
6.000000 0.089268
6.500000 0.210000
7.000000 0.309390
7.500000 0.407375
8.000000 0.592738
8.500000 0.690403
9.000000 0.905622
9.500000 1.072898
10.000000 1.233767
10.500000 1.226787
11.000000 1.233848
11.500000 1.284198
12.000000 1.190569
12.500000 1.140599
13.000000 1.107461
13.500000 1.062596
14.000000 1.004805
14.500000 0.984551
15.000000 0.927460
15.500000 0.932272
16.000000 0.898658
16.500000 0.917896
17.000000 0.903133
17.500000 0.941230
18.000000 0.941847
18.500000 0.961435
19.000000 0.951946
19.500000 0.978347
20.000000 0.954318
20.500000 0.955712
21.000000 0.965398
21.500000 0.970288
22.000000 0.976339
22.500000 0.966687
23.000000 0.963016
23.500000 0.977629
24.000000 0.947264
24.500000 0.982203
25.000000 0.969688
25.500000 0.972001
26.000000 0.984892
26.500000 0.975236
27.000000 0.963697
27.500000 0.967217
28.000000 0.977180
28.500000 0.970030
29.000000 0.974583
29.500000 0.968880
30.000000 0.974967
30.500000 0.970073
31.000000 0.981125
31.500000 0.978881
32.000000 0.962312
32.500000 0.960709
33.000000 0.971785
33.500000 0.977542
34.000000 0.963809
34.500000 0.970412
35.000000 0.968034
35.500000 0.969063
36.000000 0.979150
36.500000 0.974270
37.000000 0.979194
37.500000 0.966720
38.000000 0.977346
38.500000 0.977718
39.000000 0.980506
39.500000 0.990452
40.000000 0.979862
40.500000 0.966167
41.000000 0.974040
41.500000 0.972981
42.000000 0.974270
42.500000 0.966487
43.000000 0.982983
43.500000 0.970780
44.000000 0.976051
44.500000 0.979430
45.000000 0.970585
45.500000 0.957335
46.000000 0.979260
46.500000 0.977506
47.000000 0.978230
47.500000 0.966816
48.000000 0.971825
48.500000 0.975562
49.000000 0.971234
49.500000 0.969361
50.000000 0.977289
50.500000 0.973291
51.000000 0.974580
51.500000 0.975451
52.000000 0.974325
52.500000 0.975093
53.000000 0.973719
53.500000 0.970322
54.000000 0.968464
54.500000 0.972909
55.000000 0.973522
55.500000 0.967604
56.000000 0.962032
56.500000 0.970773
57.000000 0.978437
57.500000 0.972440
58.000000 0.971301
58.500000 0.971733
59.000000 0.972773
59.500000 0.976049
60.000000 0.974598
60.500000 0.975371
61.000000 0.970130
61.500000 0.969436
62.000000 0.970729
62.500000 0.970623
63.000000 0.972298
63.500000 0.966299
64.000000 0.971607
64.500000 0.970322
65.000000 0.973458
65.500000 0.968619
66.000000 0.977943
66.500000 0.973751
67.000000 0.974974
67.500000 0.966503
68.000000 0.981033
68.500000 0.963443
69.000000 0.972437
69.500000 0.971411
70.000000 0.970358
70.500000 0.968043
71.000000 0.968052
71.500000 0.965602
72.000000 0.975039
72.500000 0.971765
73.000000 0.967282
73.500000 0.967745
74.000000 0.971527
74.500000 0.969493
75.000000 0.975339
75.500000 0.966263
76.000000 0.976475
76.500000 0.972610
77.000000 0.971685
77.500000 0.972657
78.000000 0.970217
78.500000 0.973440
79.000000 0.972105
79.500000 0.972208
80.000000 0.978759
80.500000 0.967307
81.000000 0.968467
81.500000 0.973428
82.000000 0.968159
82.500000 0.968716
83.000000 0.976763
83.500000 0.968006
84.000000 0.971052
84.500000 0.969437
85.000000 0.969949
85.500000 0.971807
86.000000 0.972480
86.500000 0.972371
87.000000 0.970706
87.500000 0.973742
88.000000 0.968933
88.500000 0.969843
89.000000 0.968511
89.500000 0.970628
90.000000 0.972034
90.500000 0.967567
91.000000 0.970470
91.500000 0.969673
92.000000 0.970618
92.500000 0.968269
93.000000 0.970091
93.500000 0.978036
94.000000 0.970173
94.500000 0.970980
95.000000 0.963371
95.500000 0.973564
96.000000 0.975396
96.500000 0.969343
97.000000 0.963377
97.500000 0.967654
98.000000 0.968760
98.500000 0.969046
99.000000 0.965583
99.500000 0.968288
100.000000 0.971127
100.500000 0.972576
101.000000 0.968977
101.500000 0.969008
102.000000 0.965421
102.500000 0.970308
103.000000 0.967897
103.500000 0.969473
104.000000 0.973169
104.500000 0.969144
105.000000 0.970290
105.500000 0.967724
106.000000 0.967290
106.500000 0.969895
107.000000 0.969425
107.500000 0.966365
108.000000 0.970609
108.500000 0.972573
109.000000 0.967428
109.500000 0.969626
110.000000 0.972153
110.500000 0.970539
111.000000 0.969328
111.500000 0.968752
112.000000 0.973026
112.500000 0.965202
113.000000 0.971200
113.500000 0.971263
114.000000 0.970051
114.500000 0.973683
115.000000 0.972055
115.500000 0.969711
116.000000 0.973321
116.500000 0.971254
117.000000 0.975515
117.500000 0.972644
118.000000 0.971760
118.500000 0.972666
119.000000 0.965965
119.500000 0.968989
120.000000 0.970561
120.500000 0.968182
121.000000 0.972894
121.500000 0.967511
122.000000 0.971289
122.500000 0.971528
123.000000 0.973551
123.500000 0.971363
124.000000 0.971774
124.500000 0.972715
