0.000000 nan
0.500000 0.000000
1.000000 0.000000
1.500000 0.000000
2.000000 0.000000
2.500000 0.000000
3.000000 0.007762
3.500000 0.034218
4.000000 0.135358
4.500000 0.279449
5.000000 0.533748
5.500000 0.792157
6.000000 1.387542
6.500000 1.779214
7.000000 2.345376
7.500000 2.795732
8.000000 2.962596
8.500000 3.185139
9.000000 3.140351
9.500000 3.007367
10.000000 2.868544
10.500000 2.720351
11.000000 2.570469
11.500000 2.341772
12.000000 2.198720
12.500000 2.069264
13.000000 1.941261
13.500000 1.884077
14.000000 1.759388
14.500000 1.674036
15.000000 1.669863
15.500000 1.609231
16.000000 1.554435
16.500000 1.505535
17.000000 1.430605
17.500000 1.442869
18.000000 1.374820
18.500000 1.344989
19.000000 1.320609
19.500000 1.250631
20.000000 1.235863
20.500000 1.200916
21.000000 1.174034
21.500000 1.147570
22.000000 1.078246
22.500000 1.098062
23.000000 1.059688
23.500000 1.027472
24.000000 1.026587
24.500000 0.996868
25.000000 0.971365
25.500000 0.955026
26.000000 0.943140
26.500000 0.923903
27.000000 0.927376
27.500000 0.908463
28.000000 0.918546
28.500000 0.893910
29.000000 0.890432
29.500000 0.892615
30.000000 0.871959
30.500000 0.863731
31.000000 0.872515
31.500000 0.872495
32.000000 0.877645
32.500000 0.861893
33.000000 0.855347
33.500000 0.853101
34.000000 0.854906
34.500000 0.873799
35.000000 0.855741
35.500000 0.858525
36.000000 0.862982
36.500000 0.862731
37.000000 0.867996
37.500000 0.876998
38.000000 0.872214
38.500000 0.882699
39.000000 0.874679
39.500000 0.892213
40.000000 0.895590
40.500000 0.889501
41.000000 0.905549
41.500000 0.902804
42.000000 0.904328
42.500000 0.918565
43.000000 0.915615
43.500000 0.925589
44.000000 0.912792
44.500000 0.925064
45.000000 0.926701
45.500000 0.931350
46.000000 0.939211
46.500000 0.941480
47.000000 0.941860
47.500000 0.943315
48.000000 0.955391
48.500000 0.956999
49.000000 0.968760
49.500000 0.958241
50.000000 0.964518
50.500000 0.975757
51.000000 0.967408
51.500000 0.972026
52.000000 0.967634
52.500000 0.977273
53.000000 0.980310
53.500000 0.990239
54.000000 0.978024
54.500000 0.977425
55.000000 0.984030
55.500000 0.987405
56.000000 0.976022
56.500000 0.981365
57.000000 0.979813
57.500000 0.976878
58.000000 0.985382
58.500000 0.985370
59.000000 0.977811
59.500000 0.976128
60.000000 0.980420
60.500000 0.978921
61.000000 0.972308
61.500000 0.987076
62.000000 0.988067
62.500000 0.978241
63.000000 0.973565
63.500000 0.975862
64.000000 0.971147
64.500000 0.976535
65.000000 0.975029
65.500000 0.970964
66.000000 0.967422
66.500000 0.969643
67.000000 0.970166
67.500000 0.968358
68.000000 0.966030
68.500000 0.968922
69.000000 0.971864
69.500000 0.967694
70.000000 0.966537
70.500000 0.967649
71.000000 0.963312
71.500000 0.959247
72.000000 0.963193
72.500000 0.961956
73.000000 0.957935
73.500000 0.962236
74.000000 0.966743
74.500000 0.956768
75.000000 0.957082
75.500000 0.956201
76.000000 0.961767
76.500000 0.957210
77.000000 0.956520
77.500000 0.959420
78.000000 0.953498
78.500000 0.960425
79.000000 0.955146
79.500000 0.957506
80.000000 0.955912
80.500000 0.958165
81.000000 0.955785
81.500000 0.955705
82.000000 0.956855
82.500000 0.954848
83.000000 0.956572
83.500000 0.960451
84.000000 0.955863
84.500000 0.961208
85.000000 0.956731
85.500000 0.949674
86.000000 0.955354
86.500000 0.962791
87.000000 0.960728
87.500000 0.955227
88.000000 0.959126
88.500000 0.956454
89.000000 0.958703
89.500000 0.962961
90.000000 0.956776
90.500000 0.964181
91.000000 0.961890
91.500000 0.963339
92.000000 0.962315
92.500000 0.963803
93.000000 0.961141
93.500000 0.966200
94.000000 0.965508
94.500000 0.968531
95.000000 0.962264
95.500000 0.968554
96.000000 0.971977
96.500000 0.969905
97.000000 0.964543
97.500000 0.969925
98.000000 0.969539
98.500000 0.972545
99.000000 0.973217
99.500000 0.973333
100.000000 0.974292
100.500000 0.972611
101.000000 0.974449
101.500000 0.976393
102.000000 0.971202
102.500000 0.980349
103.000000 0.976267
103.500000 0.983266
104.000000 0.976915
104.500000 0.979885
105.000000 0.977254
105.500000 0.981056
106.000000 0.977661
106.500000 0.981684
107.000000 0.979872
107.500000 0.982639
108.000000 0.984313
108.500000 0.982881
109.000000 0.980088
109.500000 0.981949
110.000000 0.982460
110.500000 0.980970
111.000000 0.980521
111.500000 0.981401
112.000000 0.986765
112.500000 0.980023
113.000000 0.986246
113.500000 0.986144
114.000000 0.982872
114.500000 0.984117
115.000000 0.983418
115.500000 0.984814
116.000000 0.987500
116.500000 0.986639
117.000000 0.981532
117.500000 0.983620
118.000000 0.982136
118.500000 0.979994
119.000000 0.981259
119.500000 0.980104
120.000000 0.984058
120.500000 0.979546
121.000000 0.980553
121.500000 0.978344
122.000000 0.980146
122.500000 0.979787
123.000000 0.978265
123.500000 0.980547
124.000000 0.980384
124.500000 0.977492
