0.000000 nan
0.500000 0.000000
1.000000 0.000000
1.500000 0.000000
2.000000 0.000000
2.500000 0.000000
3.000000 0.000000
3.500000 0.028515
4.000000 0.026198
4.500000 0.110400
5.000000 0.178847
5.500000 0.383376
6.000000 0.603532
6.500000 0.977245
7.000000 1.412928
7.500000 1.641918
8.000000 1.993257
8.500000 2.171773
9.000000 2.318392
9.500000 2.374155
10.000000 2.327810
10.500000 2.246364
11.000000 2.083743
11.500000 1.960369
12.000000 1.872696
12.500000 1.721406
13.000000 1.606005
13.500000 1.559394
14.000000 1.477800
14.500000 1.389935
15.000000 1.371163
15.500000 1.348974
16.000000 1.291360
16.500000 1.231475
17.000000 1.247368
17.500000 1.243719
18.000000 1.174290
18.500000 1.172094
19.000000 1.175273
19.500000 1.139476
20.000000 1.127926
20.500000 1.089203
21.000000 1.073122
21.500000 1.038450
22.000000 1.044903
22.500000 1.014986
23.000000 1.016370
23.500000 0.987243
24.000000 0.977465
24.500000 0.949731
25.000000 0.954821
25.500000 0.948150
26.000000 0.940247
26.500000 0.935244
27.000000 0.925843
27.500000 0.917332
28.000000 0.902328
28.500000 0.899329
29.000000 0.903474
29.500000 0.884507
30.000000 0.897808
30.500000 0.896250
31.000000 0.904284
31.500000 0.900095
32.000000 0.886991
32.500000 0.893575
33.000000 0.900703
33.500000 0.899292
34.000000 0.896364
34.500000 0.900975
35.000000 0.903932
35.500000 0.897441
36.000000 0.909018
36.500000 0.907043
37.000000 0.906219
37.500000 0.919524
38.000000 0.920595
38.500000 0.908527
39.000000 0.915375
39.500000 0.914288
40.000000 0.920086
40.500000 0.922723
41.000000 0.931067
41.500000 0.922559
42.000000 0.934507
42.500000 0.938833
43.000000 0.941308
43.500000 0.939730
44.000000 0.944873
44.500000 0.943797
45.000000 0.944434
45.500000 0.946435
46.000000 0.948951
46.500000 0.945745
47.000000 0.953656
47.500000 0.949322
48.000000 0.962668
48.500000 0.951950
49.000000 0.962854
49.500000 0.956759
50.000000 0.959935
50.500000 0.975401
51.000000 0.976917
51.500000 0.959488
52.000000 0.979260
52.500000 0.973268
53.000000 0.982175
53.500000 0.978718
54.000000 0.971723
54.500000 0.974555
55.000000 0.968141
55.500000 0.979943
56.000000 0.972903
56.500000 0.979724
57.000000 0.982501
57.500000 0.985119
58.000000 0.983388
58.500000 0.976469
59.000000 0.974599
59.500000 0.985107
60.000000 0.975219
60.500000 0.983769
61.000000 0.975387
61.500000 0.973814
62.000000 0.986414
62.500000 0.973574
63.000000 0.972175
63.500000 0.977301
64.000000 0.982626
64.500000 0.972572
65.000000 0.971755
65.500000 0.976533
66.000000 0.979675
66.500000 0.981745
67.000000 0.975815
67.500000 0.975641
68.000000 0.976787
68.500000 0.974401
69.000000 0.981960
69.500000 0.969314
70.000000 0.980167
70.500000 0.972259
71.000000 0.969576
71.500000 0.973487
72.000000 0.972007
72.500000 0.976603
73.000000 0.973378
73.500000 0.978944
74.000000 0.966947
74.500000 0.975888
75.000000 0.971862
75.500000 0.971643
76.000000 0.975024
76.500000 0.969482
77.000000 0.974395
77.500000 0.974565
78.000000 0.975201
78.500000 0.971808
79.000000 0.971422
79.500000 0.973236
80.000000 0.971074
80.500000 0.971555
81.000000 0.972620
81.500000 0.970946
82.000000 0.962933
82.500000 0.972585
83.000000 0.968813
83.500000 0.976523
84.000000 0.972675
84.500000 0.968605
85.000000 0.969021
85.500000 0.959775
86.000000 0.971327
86.500000 0.968198
87.000000 0.965796
87.500000 0.967254
88.000000 0.964070
88.500000 0.963635
89.000000 0.964074
89.500000 0.967671
90.000000 0.969774
90.500000 0.964812
91.000000 0.962557
91.500000 0.963923
92.000000 0.971774
92.500000 0.963068
93.000000 0.967433
93.500000 0.963755
94.000000 0.961159
94.500000 0.968523
95.000000 0.962675
95.500000 0.967795
96.000000 0.962751
96.500000 0.967647
97.000000 0.965286
97.500000 0.963208
98.000000 0.973234
98.500000 0.965416
99.000000 0.970865
99.500000 0.967709
100.000000 0.966726
100.500000 0.965749
101.000000 0.970463
101.500000 0.970175
102.000000 0.970564
102.500000 0.965507
103.000000 0.966001
103.500000 0.967907
104.000000 0.970760
104.500000 0.965696
105.000000 0.968681
105.500000 0.965879
106.000000 0.967750
106.500000 0.971927
107.000000 0.970560
107.500000 0.969853
108.000000 0.967949
108.500000 0.969582
109.000000 0.966987
109.500000 0.968262
110.000000 0.973458
110.500000 0.972976
111.000000 0.973530
111.500000 0.975607
112.000000 0.971154
112.500000 0.970804
113.000000 0.971435
113.500000 0.970737
114.000000 0.969922
114.500000 0.974578
115.000000 0.971838
115.500000 0.978441
116.000000 0.975450
116.500000 0.969107
117.000000 0.973820
117.500000 0.976450
118.000000 0.970897
118.500000 0.972472
119.000000 0.971702
119.500000 0.974576
120.000000 0.975442
120.500000 0.971887
121.000000 0.973362
121.500000 0.972920
122.000000 0.972725
122.500000 0.975588
123.000000 0.971053
123.500000 0.975028
124.000000 0.971533
124.500000 0.974829
