0.000000 -nan
0.500000 0.000000
1.000000 0.000000
1.500000 0.000000
2.000000 0.000000
2.500000 0.001179
3.000000 0.000000
3.500000 0.003609
4.000000 0.013355
4.500000 0.031292
5.000000 0.061303
5.500000 0.141274
6.000000 0.253996
6.500000 0.451855
7.000000 0.697267
7.500000 1.015822
8.000000 1.336398
8.500000 1.656482
9.000000 1.872783
9.500000 2.076878
10.000000 2.147078
10.500000 2.108058
11.000000 2.042682
11.500000 1.942572
12.000000 1.825816
12.500000 1.706911
13.000000 1.587857
13.500000 1.464533
14.000000 1.374798
14.500000 1.295287
15.000000 1.237750
15.500000 1.187889
16.000000 1.163189
16.500000 1.124180
17.000000 1.112463
17.500000 1.108867
18.000000 1.100446
18.500000 1.090981
19.000000 1.085914
19.500000 1.076631
20.000000 1.067442
20.500000 1.051265
21.000000 1.031557
21.500000 1.023443
22.000000 1.005478
22.500000 0.990424
23.000000 0.973208
23.500000 0.954557
24.000000 0.943890
24.500000 0.928908
25.000000 0.914982
25.500000 0.905412
26.000000 0.896788
26.500000 0.882918
27.000000 0.877466
27.500000 0.876870
28.000000 0.873069
28.500000 0.873056
29.000000 0.867566
29.500000 0.864196
30.000000 0.863178
30.500000 0.866752
31.000000 0.866919
31.500000 0.866170
32.000000 0.866398
32.500000 0.871921
33.000000 0.869495
33.500000 0.873344
34.000000 0.877491
34.500000 0.877851
35.000000 0.879763
35.500000 0.885493
36.000000 0.889476
36.500000 0.898845
37.000000 0.900378
37.500000 0.910737
38.000000 0.915635
38.500000 0.921986
39.000000 0.934548
39.500000 0.938381
40.000000 0.948198
40.500000 0.960961
41.000000 0.966380
41.500000 0.976347
42.000000 0.981359
42.500000 0.988386
43.000000 0.994373
43.500000 1.003139
44.000000 1.006540
44.500000 1.008710
45.000000 1.018045
45.500000 1.019956
46.000000 1.025837
46.500000 1.030743
47.000000 1.028945
47.500000 1.037226
48.000000 1.035413
48.500000 1.039641
49.000000 1.042085
49.500000 1.049312
50.000000 1.044202
50.500000 1.049670
51.000000 1.051829
51.500000 1.051795
52.000000 1.052544
52.500000 1.056263
53.000000 1.056819
53.500000 1.055504
54.000000 1.057516
54.500000 1.054883
55.000000 1.056295
55.500000 1.056884
56.000000 1.058353
56.500000 1.055769
57.000000 1.054675
57.500000 1.053592
58.000000 1.053518
58.500000 1.051660
59.000000 1.046742
59.500000 1.044361
60.000000 1.041234
60.500000 1.038489
61.000000 1.035237
61.500000 1.034129
62.000000 1.028842
62.500000 1.027560
63.000000 1.023844
63.500000 1.023460
64.000000 1.021656
64.500000 1.018534
65.000000 1.011295
65.500000 1.011634
66.000000 1.005703
66.500000 1.004021
67.000000 1.000208
67.500000 0.996806
68.000000 0.994665
68.500000 0.993350
69.000000 0.990953
69.500000 0.986548
70.000000 0.983873
70.500000 0.982176
71.000000 0.981720
71.500000 0.977712
72.000000 0.975836
72.500000 0.977000
73.000000 0.975233
73.500000 0.974055
74.000000 0.974472
74.500000 0.974216
75.000000 0.973105
75.500000 0.973220
76.000000 0.973812
76.500000 0.970712
77.000000 0.971454
77.500000 0.971277
78.000000 0.971963
78.500000 0.972852
79.000000 0.972745
79.500000 0.971997
80.000000 0.971639
80.500000 0.972858
81.000000 0.976585
81.500000 0.977143
82.000000 0.978699
82.500000 0.979162
83.000000 0.978985
83.500000 0.981784
84.000000 0.984118
84.500000 0.984491
85.000000 0.986713
85.500000 0.986717
86.000000 0.990145
86.500000 0.991232
87.000000 0.992729
87.500000 0.995298
88.000000 0.997328
88.500000 0.999573
89.000000 1.001359
89.500000 1.001526
90.000000 1.002998
90.500000 1.006795
91.000000 1.009827
91.500000 1.008861
92.000000 1.011677
92.500000 1.012185
93.000000 1.015821
93.500000 1.015081
94.000000 1.016821
94.500000 1.018597
95.000000 1.018880
95.500000 1.020580
96.000000 1.020684
96.500000 1.021785
97.000000 1.022763
97.500000 1.022938
98.000000 1.022381
98.500000 1.023941
99.000000 1.023186
99.500000 1.021830
100.000000 1.021033
100.500000 1.021805
101.000000 1.021409
101.500000 1.021985
102.000000 1.020549
102.500000 1.019650
103.000000 1.020661
103.500000 1.019581
104.000000 1.019511
104.500000 1.016707
105.000000 1.016882
105.500000 1.016427
106.000000 1.014340
106.500000 1.013059
107.000000 1.013453
107.500000 1.010501
108.000000 1.010617
108.500000 1.009284
109.000000 1.008371
109.500000 1.006903
110.000000 1.006503
110.500000 1.006190
111.000000 1.004969
111.500000 1.003736
112.000000 1.002968
112.500000 1.002138
113.000000 1.002373
113.500000 1.001131
114.000000 0.999188
114.500000 0.998560
115.000000 0.997992
115.500000 0.997708
116.000000 0.997378
116.500000 0.996231
117.000000 0.995545
117.500000 0.995577
118.000000 0.995397
118.500000 0.995430
119.000000 0.994087
119.500000 0.995142
120.000000 0.993793
120.500000 0.993626
121.000000 0.993670
121.500000 0.993048
122.000000 0.991620
122.500000 0.992631
123.000000 0.992483
123.500000 0.992392
124.000000 0.990911
124.500000 0.992538
