0.000000 -nan
0.500000 0.000000
1.000000 0.000000
1.500000 0.000000
2.000000 0.000000
2.500000 0.001768
3.000000 0.000819
3.500000 0.004210
4.000000 0.012434
4.500000 0.024742
5.000000 0.076039
5.500000 0.135184
6.000000 0.261672
6.500000 0.452116
7.000000 0.710500
7.500000 1.022371
8.000000 1.350270
8.500000 1.663824
9.000000 1.930090
9.500000 2.081450
10.000000 2.141589
10.500000 2.128743
11.000000 2.046427
11.500000 1.952963
12.000000 1.822388
12.500000 1.693778
13.000000 1.565404
13.500000 1.445875
14.000000 1.355156
14.500000 1.273261
15.000000 1.208114
15.500000 1.168645
16.000000 1.125312
16.500000 1.103571
17.000000 1.081779
17.500000 1.073849
18.000000 1.057136
18.500000 1.057342
19.000000 1.051257
19.500000 1.042634
20.000000 1.044048
20.500000 1.027622
21.000000 1.007314
21.500000 1.001677
22.000000 0.987080
22.500000 0.967312
23.000000 0.955714
23.500000 0.938827
24.000000 0.928917
24.500000 0.911968
25.000000 0.896208
25.500000 0.888891
26.000000 0.879158
26.500000 0.877929
27.000000 0.867617
27.500000 0.865471
28.000000 0.860128
28.500000 0.855975
29.000000 0.860557
29.500000 0.859103
30.000000 0.856723
30.500000 0.852808
31.000000 0.854222
31.500000 0.857772
32.000000 0.857346
32.500000 0.862835
33.000000 0.865930
33.500000 0.870075
34.000000 0.874228
34.500000 0.877000
35.000000 0.882680
35.500000 0.889331
36.000000 0.895631
36.500000 0.898850
37.000000 0.907288
37.500000 0.918167
38.000000 0.924940
38.500000 0.930954
39.000000 0.942885
39.500000 0.951602
40.000000 0.956507
40.500000 0.966010
41.000000 0.976003
41.500000 0.984076
42.000000 0.992041
42.500000 0.997901
43.000000 1.006900
43.500000 1.014848
44.000000 1.020066
44.500000 1.025215
45.000000 1.030340
45.500000 1.035076
46.000000 1.038771
46.500000 1.041220
47.000000 1.044757
47.500000 1.045981
48.000000 1.051577
48.500000 1.052191
49.000000 1.053197
49.500000 1.054309
50.000000 1.056300
50.500000 1.056201
51.000000 1.056537
51.500000 1.060759
52.000000 1.059649
52.500000 1.058971
53.000000 1.059454
53.500000 1.061783
54.000000 1.059855
54.500000 1.060725
55.000000 1.058859
55.500000 1.061121
56.000000 1.056017
56.500000 1.057381
57.000000 1.055287
57.500000 1.054792
58.000000 1.051174
58.500000 1.049070
59.000000 1.047271
59.500000 1.044937
60.000000 1.043706
60.500000 1.039793
61.000000 1.036383
61.500000 1.032953
62.000000 1.032433
62.500000 1.028474
63.000000 1.025313
63.500000 1.019819
64.000000 1.016357
64.500000 1.013847
65.000000 1.011794
65.500000 1.007758
66.000000 1.003342
66.500000 1.000701
67.000000 0.997768
67.500000 0.995179
68.000000 0.992411
68.500000 0.989228
69.000000 0.987375
69.500000 0.985868
70.000000 0.981202
70.500000 0.978275
71.000000 0.976316
71.500000 0.977321
72.000000 0.973101
72.500000 0.972414
73.000000 0.970214
73.500000 0.970599
74.000000 0.967648
74.500000 0.969619
75.000000 0.968746
75.500000 0.968671
76.000000 0.967433
76.500000 0.968458
77.000000 0.968101
77.500000 0.970209
78.000000 0.969180
78.500000 0.971300
79.000000 0.971215
79.500000 0.971410
80.000000 0.972100
80.500000 0.974940
81.000000 0.974793
81.500000 0.975213
82.000000 0.977903
82.500000 0.979873
83.000000 0.981914
83.500000 0.982239
84.000000 0.983426
84.500000 0.986750
85.000000 0.988104
85.500000 0.988924
86.000000 0.990904
86.500000 0.992186
87.000000 0.994807
87.500000 0.995437
88.000000 0.997102
88.500000 0.997202
89.000000 1.000199
89.500000 1.001309
90.000000 1.002478
90.500000 1.004714
91.000000 1.005391
91.500000 1.008012
92.000000 1.008956
92.500000 1.010892
93.000000 1.012110
93.500000 1.011708
94.000000 1.014410
94.500000 1.013435
95.000000 1.015536
95.500000 1.015836
96.000000 1.017024
96.500000 1.016858
97.000000 1.017069
97.500000 1.016458
98.000000 1.016726
98.500000 1.017783
99.000000 1.018368
99.500000 1.017120
100.000000 1.018019
100.500000 1.016991
101.000000 1.016596
101.500000 1.016025
102.000000 1.015388
102.500000 1.014893
103.000000 1.014963
103.500000 1.013783
104.000000 1.013659
104.500000 1.012738
105.000000 1.010744
105.500000 1.010591
106.000000 1.010066
106.500000 1.009598
107.000000 1.008400
107.500000 1.006249
108.000000 1.006030
108.500000 1.004747
109.000000 1.004778
109.500000 1.002689
110.000000 1.003374
110.500000 1.001076
111.000000 1.001430
111.500000 0.999448
112.000000 1.000167
112.500000 0.998694
113.000000 0.998466
113.500000 0.997780
114.000000 0.996649
114.500000 0.997096
115.000000 0.996903
115.500000 0.995127
116.000000 0.994798
116.500000 0.995359
117.000000 0.994660
117.500000 0.994942
118.000000 0.994124
118.500000 0.994493
119.000000 0.993699
119.500000 0.992458
120.000000 0.994048
120.500000 0.993589
121.000000 0.993091
121.500000 0.994248
122.000000 0.993074
122.500000 0.992608
123.000000 0.992780
123.500000 0.994544
124.000000 0.994274
124.500000 0.993994
