0.000000 -nan
0.500000 0.000000
1.000000 0.000000
1.500000 0.000000
2.000000 0.000000
2.500000 0.000000
3.000000 0.000819
3.500000 0.003007
4.000000 0.011973
4.500000 0.030928
5.000000 0.064545
5.500000 0.136158
6.000000 0.255634
6.500000 0.438950
7.000000 0.678471
7.500000 1.001020
8.000000 1.323849
8.500000 1.623032
9.000000 1.892886
9.500000 2.019648
10.000000 2.096532
10.500000 2.069965
11.000000 2.041585
11.500000 1.928142
12.000000 1.786520
12.500000 1.688850
13.000000 1.562003
13.500000 1.432634
14.000000 1.349123
14.500000 1.265148
15.000000 1.197930
15.500000 1.165010
16.000000 1.121771
16.500000 1.094275
17.000000 1.073939
17.500000 1.079202
18.000000 1.056669
18.500000 1.044759
19.000000 1.033561
19.500000 1.035784
20.000000 1.028114
20.500000 1.011571
21.000000 0.998075
21.500000 0.987053
22.000000 0.972930
22.500000 0.948610
23.000000 0.935156
23.500000 0.933450
24.000000 0.910324
24.500000 0.897287
25.000000 0.895636
25.500000 0.882251
26.000000 0.876264
26.500000 0.868723
27.000000 0.866712
27.500000 0.864945
28.000000 0.864432
28.500000 0.857735
29.000000 0.857815
29.500000 0.861825
30.000000 0.859371
30.500000 0.854491
31.000000 0.857143
31.500000 0.857215
32.000000 0.864520
32.500000 0.861339
33.000000 0.866153
33.500000 0.873312
34.000000 0.874846
34.500000 0.884134
35.000000 0.883757
35.500000 0.896198
36.000000 0.896589
36.500000 0.907705
37.000000 0.912773
37.500000 0.924711
38.000000 0.925442
38.500000 0.936442
39.000000 0.944983
39.500000 0.955377
40.000000 0.961023
40.500000 0.972820
41.000000 0.979828
41.500000 0.987252
42.000000 0.994992
42.500000 1.005972
43.000000 1.009723
43.500000 1.019649
44.000000 1.027038
44.500000 1.030134
45.000000 1.028895
45.500000 1.037413
46.000000 1.042910
46.500000 1.045018
47.000000 1.045753
47.500000 1.046899
48.000000 1.054019
48.500000 1.054780
49.000000 1.056959
49.500000 1.057564
50.000000 1.058956
50.500000 1.061782
51.000000 1.064106
51.500000 1.063541
52.000000 1.063471
52.500000 1.062582
53.000000 1.065060
53.500000 1.062648
54.000000 1.064149
54.500000 1.059425
55.000000 1.060390
55.500000 1.057906
56.000000 1.056387
56.500000 1.054474
57.000000 1.051801
57.500000 1.051089
58.000000 1.049713
58.500000 1.049118
59.000000 1.044027
59.500000 1.040213
60.000000 1.038589
60.500000 1.034157
61.000000 1.033556
61.500000 1.028451
62.000000 1.025008
62.500000 1.021949
63.000000 1.017864
63.500000 1.015785
64.000000 1.012570
64.500000 1.007962
65.000000 1.006939
65.500000 1.004309
66.000000 1.000195
66.500000 0.997126
67.000000 0.995673
67.500000 0.992032
68.000000 0.991911
68.500000 0.988750
69.000000 0.985304
69.500000 0.983417
70.000000 0.980777
70.500000 0.978912
71.000000 0.978008
71.500000 0.974362
72.000000 0.972332
72.500000 0.971007
73.000000 0.973981
73.500000 0.971106
74.000000 0.970547
74.500000 0.967636
75.000000 0.968207
75.500000 0.967263
76.000000 0.965824
76.500000 0.966022
77.000000 0.962811
77.500000 0.966522
78.000000 0.968294
78.500000 0.968282
79.000000 0.968683
79.500000 0.968700
80.000000 0.970089
80.500000 0.969217
81.000000 0.972365
81.500000 0.975261
82.000000 0.974272
82.500000 0.976312
83.000000 0.978223
83.500000 0.980512
84.000000 0.983603
84.500000 0.984213
85.000000 0.985592
85.500000 0.986451
86.000000 0.991404
86.500000 0.992353
87.000000 0.995101
87.500000 0.996185
88.000000 0.998250
88.500000 0.999853
89.000000 1.003521
89.500000 1.003148
90.000000 1.007519
90.500000 1.008729
91.000000 1.010342
91.500000 1.010883
92.000000 1.013193
92.500000 1.013758
93.000000 1.017406
93.500000 1.017387
94.000000 1.017118
94.500000 1.019640
95.000000 1.019246
95.500000 1.021430
96.000000 1.021297
96.500000 1.020609
97.000000 1.023052
97.500000 1.021605
98.000000 1.023210
98.500000 1.021171
99.000000 1.021492
99.500000 1.021402
100.000000 1.021844
100.500000 1.020419
101.000000 1.022073
101.500000 1.021661
102.000000 1.020930
102.500000 1.019633
103.000000 1.018518
103.500000 1.019366
104.000000 1.018487
104.500000 1.016516
105.000000 1.017462
105.500000 1.014439
106.000000 1.013472
106.500000 1.012453
107.000000 1.013617
107.500000 1.010737
108.000000 1.010581
108.500000 1.010469
109.000000 1.006748
109.500000 1.005298
110.000000 1.005231
110.500000 1.005255
111.000000 1.002100
111.500000 1.002853
112.000000 1.001688
112.500000 1.000750
113.000000 1.000015
113.500000 0.999447
114.000000 0.998544
114.500000 0.997765
115.000000 0.997502
115.500000 0.997445
116.000000 0.995654
116.500000 0.996099
117.000000 0.995020
117.500000 0.996712
118.000000 0.995054
118.500000 0.994882
119.000000 0.994456
119.500000 0.995970
120.000000 0.993683
120.500000 0.995235
121.000000 0.995006
121.500000 0.994551
122.000000 0.996634
122.500000 0.995953
123.000000 0.995636
123.500000 0.994985
124.000000 0.996450
124.500000 0.997320
