0.000000 -nan
0.500000 0.000000
1.000000 0.000000
1.500000 0.000000
2.000000 0.000000
2.500000 0.002358
3.000000 0.002456
3.500000 0.012030
4.000000 0.042827
4.500000 0.091692
5.000000 0.180962
5.500000 0.356594
6.000000 0.688512
6.500000 1.113854
7.000000 1.637383
7.500000 2.175208
8.000000 2.617649
8.500000 2.937978
9.000000 3.074700
9.500000 3.092254
10.000000 3.038255
10.500000 2.903618
11.000000 2.739306
11.500000 2.557652
12.000000 2.418952
12.500000 2.284526
13.000000 2.163750
13.500000 2.062677
14.000000 1.991730
14.500000 1.922026
15.000000 1.845377
15.500000 1.776881
16.000000 1.726996
16.500000 1.663104
17.000000 1.598862
17.500000 1.535774
18.000000 1.463327
18.500000 1.399786
19.000000 1.329859
19.500000 1.281796
20.000000 1.211968
20.500000 1.142014
21.000000 1.089299
21.500000 1.036004
22.000000 0.983708
22.500000 0.945102
23.000000 0.905042
23.500000 0.865392
24.000000 0.830746
24.500000 0.799209
25.000000 0.772370
25.500000 0.746016
26.000000 0.727267
26.500000 0.705065
27.000000 0.696770
27.500000 0.681260
28.000000 0.668330
28.500000 0.658539
29.000000 0.645760
29.500000 0.642860
30.000000 0.637713
30.500000 0.634053
31.000000 0.628999
31.500000 0.631028
32.000000 0.627544
32.500000 0.631153
33.000000 0.635677
33.500000 0.637426
34.000000 0.640474
34.500000 0.643513
35.000000 0.655921
35.500000 0.660236
36.000000 0.667846
36.500000 0.674678
37.000000 0.688801
37.500000 0.698781
38.000000 0.712440
38.500000 0.726381
39.000000 0.739024
39.500000 0.757466
40.000000 0.766600
40.500000 0.788411
41.000000 0.805736
41.500000 0.826597
42.000000 0.838131
42.500000 0.860167
43.000000 0.872043
43.500000 0.889699
44.000000 0.905327
44.500000 0.923786
45.000000 0.940430
45.500000 0.956505
46.000000 0.968800
46.500000 0.987524
47.000000 1.003492
47.500000 1.020150
48.000000 1.034710
48.500000 1.051143
49.000000 1.063437
49.500000 1.079380
50.000000 1.092764
50.500000 1.102037
51.000000 1.113825
51.500000 1.123120
52.000000 1.132850
52.500000 1.137767
53.000000 1.143031
53.500000 1.147783
54.000000 1.154502
54.500000 1.155109
55.000000 1.156580
55.500000 1.159542
56.000000 1.162612
56.500000 1.160436
57.000000 1.157618
57.500000 1.159974
58.000000 1.156768
58.500000 1.150753
59.000000 1.150883
59.500000 1.147747
60.000000 1.139261
60.500000 1.136346
61.000000 1.130724
61.500000 1.122017
62.000000 1.117033
62.500000 1.110748
63.000000 1.103726
63.500000 1.094725
64.000000 1.088133
64.500000 1.082705
65.000000 1.073583
65.500000 1.068176
66.000000 1.058633
66.500000 1.052709
67.000000 1.043198
67.500000 1.036445
68.000000 1.028510
68.500000 1.020121
69.000000 1.018493
69.500000 1.009977
70.000000 1.002933
70.500000 0.995020
71.000000 0.989062
71.500000 0.983843
72.000000 0.980074
72.500000 0.972381
73.000000 0.967326
73.500000 0.964222
74.000000 0.959778
74.500000 0.955440
75.000000 0.949528
75.500000 0.947771
76.000000 0.945793
76.500000 0.943134
77.000000 0.940455
77.500000 0.938481
78.000000 0.938171
78.500000 0.936848
79.000000 0.937828
79.500000 0.935857
80.000000 0.933223
80.500000 0.935595
81.000000 0.936233
81.500000 0.938656
82.000000 0.938996
82.500000 0.940578
83.000000 0.943634
83.500000 0.945165
84.000000 0.948033
84.500000 0.950373
85.000000 0.952628
85.500000 0.957656
86.000000 0.959134
86.500000 0.963145
87.000000 0.966193
87.500000 0.969693
88.000000 0.973723
88.500000 0.976427
89.000000 0.979674
89.500000 0.983940
90.000000 0.984367
90.500000 0.990185
91.000000 0.991869
91.500000 0.994150
92.000000 0.998010
92.500000 1.001341
93.000000 1.003679
93.500000 1.006172
94.000000 1.010505
94.500000 1.012870
95.000000 1.014375
95.500000 1.016471
96.000000 1.017529
96.500000 1.020745
97.000000 1.023594
97.500000 1.025610
98.000000 1.026970
98.500000 1.028436
99.000000 1.030088
99.500000 1.031620
100.000000 1.032055
100.500000 1.033082
101.000000 1.034102
101.500000 1.035016
102.000000 1.034288
102.500000 1.035508
103.000000 1.035080
103.500000 1.035222
104.000000 1.035291
104.500000 1.034716
105.000000 1.032695
105.500000 1.035048
106.000000 1.033306
106.500000 1.030788
107.000000 1.029250
107.500000 1.028751
108.000000 1.027411
108.500000 1.027448
109.000000 1.026038
109.500000 1.022882
110.000000 1.023504
110.500000 1.020128
111.000000 1.017558
111.500000 1.015181
112.000000 1.015799
112.500000 1.011230
113.000000 1.011620
113.500000 1.008712
114.000000 1.008632
114.500000 1.006378
115.000000 1.005246
115.500000 1.002920
116.000000 1.001387
116.500000 0.999467
117.000000 0.996428
117.500000 0.995373
118.000000 0.994732
118.500000 0.993866
119.000000 0.991838
119.500000 0.990395
120.000000 0.990485
120.500000 0.990208
121.000000 0.988168
121.500000 0.987559
122.000000 0.987211
122.500000 0.987869
123.000000 0.987298
123.500000 0.986445
124.000000 0.986454
124.500000 0.986441
