0.000000 nan
0.500000 0.000000
1.000000 0.000000
1.500000 0.000000
2.000000 0.000000
2.500000 0.000000
3.000000 0.000000
3.500000 0.000000
4.000000 0.026198
4.500000 0.037950
5.000000 0.050301
5.500000 0.122403
6.000000 0.267805
6.500000 0.385276
7.000000 0.526106
7.500000 0.803571
8.000000 0.975888
8.500000 1.213524
9.000000 1.385170
9.500000 1.473881
10.000000 1.587969
10.500000 1.501801
11.000000 1.519648
11.500000 1.452184
12.000000 1.345819
12.500000 1.295302
13.000000 1.268269
13.500000 1.221679
14.000000 1.151301
14.500000 1.110486
15.000000 1.091404
15.500000 1.066326
16.000000 1.036472
16.500000 1.046458
17.000000 1.015541
17.500000 1.023810
18.000000 1.039956
18.500000 1.033696
19.000000 0.987167
19.500000 1.011418
20.000000 1.012129
20.500000 1.010073
21.000000 1.005636
21.500000 1.005049
22.000000 0.985722
22.500000 0.979659
23.000000 0.975694
23.500000 0.976237
24.000000 0.964245
24.500000 0.974987
25.000000 0.971477
25.500000 0.952555
26.000000 0.962983
26.500000 0.957230
27.000000 0.970405
27.500000 0.945138
28.000000 0.965240
28.500000 0.940270
29.000000 0.954895
29.500000 0.941344
30.000000 0.953076
30.500000 0.938231
31.000000 0.944703
31.500000 0.947972
32.000000 0.954875
32.500000 0.949201
33.000000 0.946252
33.500000 0.945420
34.000000 0.959276
34.500000 0.956736
35.000000 0.958966
35.500000 0.957699
36.000000 0.957048
36.500000 0.958276
37.000000 0.954750
37.500000 0.964136
38.000000 0.971347
38.500000 0.969376
39.000000 0.963190
39.500000 0.968780
40.000000 0.951262
40.500000 0.961354
41.000000 0.956460
41.500000 0.963570
42.000000 0.955259
42.500000 0.968963
43.000000 0.971195
43.500000 0.968786
44.000000 0.964756
44.500000 0.972092
45.000000 0.971517
45.500000 0.968268
46.000000 0.974110
46.500000 0.983483
47.000000 0.979147
47.500000 0.975486
48.000000 0.978678
48.500000 0.969652
49.000000 0.975482
49.500000 0.973438
50.000000 0.973852
50.500000 0.987125
51.000000 0.965259
51.500000 0.984406
52.000000 0.972000
52.500000 0.977349
53.000000 0.973172
53.500000 0.983966
54.000000 0.976059
54.500000 0.967781
55.000000 0.971905
55.500000 0.975996
56.000000 0.967935
56.500000 0.970620
57.000000 0.974201
57.500000 0.968996
58.000000 0.973191
58.500000 0.968528
59.000000 0.974579
59.500000 0.971135
60.000000 0.975704
60.500000 0.971840
61.000000 0.969604
61.500000 0.971597
62.000000 0.961460
62.500000 0.972071
63.000000 0.970520
63.500000 0.973575
64.000000 0.970123
64.500000 0.966224
65.000000 0.975062
65.500000 0.972853
66.000000 0.970020
66.500000 0.969549
67.000000 0.974025
67.500000 0.965092
68.000000 0.971122
68.500000 0.966897
69.000000 0.968900
69.500000 0.975606
70.000000 0.970686
70.500000 0.968408
71.000000 0.962564
71.500000 0.964659
72.000000 0.966401
72.500000 0.967791
73.000000 0.966836
73.500000 0.966491
74.000000 0.971705
74.500000 0.972980
75.000000 0.971563
75.500000 0.970001
76.000000 0.980853
76.500000 0.972443
77.000000 0.966065
77.500000 0.965178
78.000000 0.965371
78.500000 0.969495
79.000000 0.961863
79.500000 0.972451
80.000000 0.975452
80.500000 0.972072
81.000000 0.969287
81.500000 0.972208
82.000000 0.963692
82.500000 0.971374
83.000000 0.966014
83.500000 0.972686
84.000000 0.968042
84.500000 0.974515
85.000000 0.973121
85.500000 0.973852
86.000000 0.969589
86.500000 0.973156
87.000000 0.975072
87.500000 0.969407
88.000000 0.970963
88.500000 0.973447
89.000000 0.966562
89.500000 0.969642
90.000000 0.974880
90.500000 0.974135
91.000000 0.975659
91.500000 0.969264
92.000000 0.971625
92.500000 0.973381
93.000000 0.972603
93.500000 0.971115
94.000000 0.973541
94.500000 0.968547
95.000000 0.971337
95.500000 0.967527
96.000000 0.969703
96.500000 0.970018
97.000000 0.970372
97.500000 0.969932
98.000000 0.969466
98.500000 0.975044
99.000000 0.973588
99.500000 0.975902
100.000000 0.969569
100.500000 0.972465
101.000000 0.972168
101.500000 0.970026
102.000000 0.968375
102.500000 0.970787
103.000000 0.973436
103.500000 0.974553
104.000000 0.971218
104.500000 0.968370
105.000000 0.975220
105.500000 0.973248
106.000000 0.966992
106.500000 0.970831
107.000000 0.975197
107.500000 0.970923
108.000000 0.970932
108.500000 0.972294
109.000000 0.969157
109.500000 0.970512
110.000000 0.969053
110.500000 0.970253
111.000000 0.965915
111.500000 0.967948
112.000000 0.968704
112.500000 0.968696
113.000000 0.969443
113.500000 0.968898
114.000000 0.973072
114.500000 0.968653
115.000000 0.968737
115.500000 0.965102
116.000000 0.971057
116.500000 0.969236
117.000000 0.971457
117.500000 0.970028
118.000000 0.968268
118.500000 0.972368
119.000000 0.969981
119.500000 0.968715
120.000000 0.972381
120.500000 0.967321
121.000000 0.971477
121.500000 0.970734
122.000000 0.964422
122.500000 0.966565
123.000000 0.972812
123.500000 0.968693
124.000000 0.970243
124.500000 0.968271
