# q  S_avg  S_stderr  n_modes
5.000000000000000104e-03 4.941000000000000000e+03 0.000000000000000000e+00 1.000000000000000000e+00
2.500000000000000139e-02 1.284138200000000118e-01 5.080885683807892517e-02 5.000000000000000000e+00
3.500000000000000333e-02 1.780660000000000021e-01 0.000000000000000000e+00 1.000000000000000000e+00
4.499999999999999833e-02 5.989689666666665468e-01 2.501970366906484111e-01 9.000000000000000000e+00
5.500000000000000028e-02 9.483311666666667250e-01 4.096349608487551142e-01 6.000000000000000000e+00
6.500000000000000222e-02 8.318080666666667344e-01 1.354062896916593817e-01 1.500000000000000000e+01
7.500000000000001110e-02 1.398724384615384730e+00 3.960740993458449766e-01 1.300000000000000000e+01
8.499999999999999223e-02 2.014452555555555691e+00 4.244113184552185114e-01 1.800000000000000000e+01
9.500000000000000111e-02 1.990563777777777821e+00 3.433849286957080804e-01 1.800000000000000000e+01
1.050000000000000100e-01 4.174421642857143233e+00 5.203294869983831061e-01 2.800000000000000000e+01
1.149999999999999911e-01 4.906183952380952284e+00 7.167973299397897291e-01 2.100000000000000000e+01
1.250000000000000000e-01 3.943093095238094925e+00 4.660233997932623495e-01 4.200000000000000000e+01
1.350000000000000089e-01 4.782491909090908599e+00 7.034141511005911340e-01 3.300000000000000000e+01
1.450000000000000178e-01 3.318564020408163007e+00 3.679389910696841959e-01 4.900000000000000000e+01
1.549999999999999989e-01 2.466471270833333396e+00 2.145058036138089985e-01 4.800000000000000000e+01
1.650000000000000078e-01 2.606317240740740449e+00 2.933506654213595133e-01 5.400000000000000000e+01
1.749999999999999889e-01 1.570205421052631944e+00 1.347694127702845357e-01 5.700000000000000000e+01
1.849999999999999978e-01 1.356700513157894861e+00 9.902325549327890830e-02 7.600000000000000000e+01
1.950000000000000067e-01 1.193137211111111151e+00 7.982971214443150554e-02 9.000000000000000000e+01
2.050000000000000155e-01 9.824295396825397653e-01 6.810958415967163782e-02 6.300000000000000000e+01
2.149999999999999967e-01 9.829288348623853588e-01 5.460939879863387081e-02 1.090000000000000000e+02
2.250000000000000056e-01 8.986655897435894547e-01 5.664601057191433198e-02 7.800000000000000000e+01
2.349999999999999867e-01 9.171106428571430547e-01 4.697390522620311509e-02 1.260000000000000000e+02
2.449999999999999956e-01 7.687135882352940097e-01 3.779742456911477921e-02 1.020000000000000000e+02
2.550000000000000044e-01 7.623407103448275324e-01 2.804057867900277071e-02 1.450000000000000000e+02
2.650000000000000133e-01 6.891049365079365829e-01 2.420816595554102155e-02 1.260000000000000000e+02
2.750000000000000222e-01 7.298170387596899511e-01 3.200751699332221589e-02 1.290000000000000000e+02
2.850000000000000311e-01 6.519404575163398885e-01 2.036244865172575844e-02 1.530000000000000000e+02
2.949999999999999845e-01 6.429297191011235091e-01 1.710582603570497823e-02 1.780000000000000000e+02
3.049999999999999933e-01 6.180847643678161196e-01 1.776024706626211716e-02 1.740000000000000000e+02
3.150000000000000022e-01 6.456633121693121646e-01 1.623797043763774636e-02 1.890000000000000000e+02
3.250000000000000111e-01 6.368242279792745153e-01 1.439505392706817190e-02 1.930000000000000000e+02
3.350000000000000200e-01 6.105047352941176397e-01 1.554669105289726953e-02 2.040000000000000000e+02
3.450000000000000289e-01 6.200210735930736794e-01 1.110684002572656474e-02 2.310000000000000000e+02
3.549999999999999822e-01 6.043896794871794764e-01 1.236612276987478394e-02 2.340000000000000000e+02
3.649999999999999911e-01 6.027593361344538714e-01 1.107558866482829217e-02 2.380000000000000000e+02
3.750000000000000000e-01 6.156442823129251174e-01 1.004368040431075949e-02 2.940000000000000000e+02
3.850000000000000089e-01 6.316243062015504117e-01 1.070611416310856580e-02 2.580000000000000000e+02
3.950000000000000178e-01 6.299263396946565008e-01 9.981675130320204897e-03 2.620000000000000000e+02
4.050000000000000266e-01 6.153325987654321150e-01 8.663833909500325003e-03 3.240000000000000000e+02
4.150000000000000355e-01 6.355010648148149421e-01 8.922811095466992928e-03 3.240000000000000000e+02
4.249999999999999889e-01 6.235493703703702817e-01 8.774939276454583881e-03 3.240000000000000000e+02
4.349999999999999978e-01 6.463259630681817969e-01 8.010522217277321957e-03 3.520000000000000000e+02
4.450000000000000067e-01 6.495754186046510670e-01 7.907458201714427301e-03 3.870000000000000000e+02
4.550000000000000155e-01 6.574993982300885165e-01 8.285675009228204296e-03 3.390000000000000000e+02
4.650000000000000244e-01 6.453170883838383887e-01 7.389311259241978548e-03 3.960000000000000000e+02
4.749999999999999778e-01 6.589434288990825284e-01 7.375586033549009005e-03 4.360000000000000000e+02
4.849999999999999867e-01 6.786110657276995806e-01 7.552430486405454710e-03 4.260000000000000000e+02
4.949999999999999956e-01 6.987142335600906584e-01 7.491842858184786548e-03 4.410000000000000000e+02
5.050000000000000044e-01 6.949779491916857621e-01 7.157937313948491836e-03 4.330000000000000000e+02
5.150000000000000133e-01 7.274153033932135859e-01 7.686759760379918358e-03 5.010000000000000000e+02
5.250000000000000222e-01 7.334059670781892804e-01 7.066516282430759452e-03 4.860000000000000000e+02
5.350000000000000311e-01 7.606165790476190347e-01 7.138910474609240844e-03 5.250000000000000000e+02
5.450000000000000400e-01 7.731130622775800321e-01 6.491467959760462841e-03 5.620000000000000000e+02
5.550000000000000488e-01 8.017537459459460614e-01 7.424239057527226918e-03 5.550000000000000000e+02
5.650000000000000577e-01 8.205425017543859223e-01 6.922143374872138065e-03 5.700000000000000000e+02
5.749999999999999556e-01 8.498678680203045621e-01 6.981201010888354701e-03 5.910000000000000000e+02
5.849999999999999645e-01 8.687203907849829765e-01 7.136776611563855170e-03 5.860000000000000000e+02
5.949999999999999734e-01 8.995900560606060470e-01 6.734469316984216525e-03 6.600000000000000000e+02
6.049999999999999822e-01 9.464265296803653360e-01 7.251415262962869999e-03 6.570000000000000000e+02
6.149999999999999911e-01 9.709649231863443086e-01 7.269521984109829360e-03 7.030000000000000000e+02
6.250000000000000000e-01 1.003308932098765371e+00 7.658803750966456172e-03 6.480000000000000000e+02
6.350000000000000089e-01 1.036722485925925863e+00 7.659816875164602093e-03 6.750000000000000000e+02
6.450000000000000178e-01 1.054254488151658675e+00 7.815193404419535847e-03 6.330000000000000000e+02
6.550000000000000266e-01 1.081264344931921251e+00 8.077547937928175256e-03 6.610000000000000000e+02
6.650000000000000355e-01 1.108099146666666757e+00 8.704082404189307162e-03 6.000000000000000000e+02
6.750000000000000444e-01 1.142457491056910523e+00 9.037092644816020065e-03 6.150000000000000000e+02
6.850000000000000533e-01 1.153256911032028542e+00 8.802013394717870393e-03 5.620000000000000000e+02
6.950000000000000622e-01 1.173471153297682701e+00 9.049615329561130558e-03 5.610000000000000000e+02
7.050000000000000711e-01 1.210727690740740714e+00 9.457797096767032313e-03 5.400000000000000000e+02
7.149999999999999689e-01 1.192423192513369035e+00 9.166497910711344024e-03 5.610000000000000000e+02
7.249999999999999778e-01 1.211044075435202982e+00 9.992661540009984550e-03 5.170000000000000000e+02
7.349999999999999867e-01 1.232699636574074109e+00 1.049831535681672832e-02 4.320000000000000000e+02
7.449999999999999956e-01 1.230484696787148557e+00 9.520817355982289648e-03 4.980000000000000000e+02
7.550000000000000044e-01 1.227072435064934908e+00 1.043585180829074456e-02 4.620000000000000000e+02
7.650000000000000133e-01 1.220167758373205791e+00 1.096247882146234726e-02 4.180000000000000000e+02
7.750000000000000222e-01 1.225261301587301510e+00 1.116058235867282457e-02 4.410000000000000000e+02
7.850000000000000311e-01 1.220595472440944906e+00 1.127708389816945399e-02 3.810000000000000000e+02
7.950000000000000400e-01 1.204761020231213786e+00 1.110488802892216006e-02 3.460000000000000000e+02
8.050000000000000488e-01 1.185477214285714176e+00 1.166433773872466162e-02 3.360000000000000000e+02
8.150000000000000577e-01 1.191256681415929108e+00 1.147857572782733787e-02 3.390000000000000000e+02
8.250000000000000666e-01 1.167855637362637200e+00 1.281030582070586191e-02 2.730000000000000000e+02
8.349999999999999645e-01 1.146155186567163975e+00 1.330530974650653148e-02 2.680000000000000000e+02
8.449999999999999734e-01 1.142554787499999946e+00 1.463171410372151975e-02 2.400000000000000000e+02
8.549999999999999822e-01 1.121949749999999968e+00 1.338638074664521595e-02 2.160000000000000000e+02
8.649999999999999911e-01 1.086053847457627120e+00 1.546589583218435822e-02 1.770000000000000000e+02
8.750000000000000000e-01 1.097790309352517868e+00 1.801787620334421164e-02 1.390000000000000000e+02
8.850000000000000089e-01 1.063326406666666779e+00 1.634824351192229464e-02 1.500000000000000000e+02
8.950000000000000178e-01 1.065130447368421107e+00 1.712941402385122561e-02 1.140000000000000000e+02
9.050000000000000266e-01 1.023046252747252582e+00 2.120485001951978241e-02 9.100000000000000000e+01
9.150000000000000355e-01 1.056888543209876685e+00 2.334394330957062849e-02 8.100000000000000000e+01
9.250000000000000444e-01 9.991270740740740841e-01 1.775390299864864144e-02 8.100000000000000000e+01
9.350000000000000533e-01 9.974263181818182611e-01 2.316155317237420311e-02 6.600000000000000000e+01
9.450000000000000622e-01 9.721818909090910177e-01 2.214381981957493778e-02 5.500000000000000000e+01
9.550000000000000711e-01 9.693647777777777419e-01 2.712138589701188970e-02 4.500000000000000000e+01
9.649999999999999689e-01 9.739517333333332916e-01 2.910351707903980484e-02 3.000000000000000000e+01
9.749999999999999778e-01 8.763401818181819625e-01 4.156427800478473128e-02 2.200000000000000000e+01
9.849999999999999867e-01 9.705208571428572961e-01 3.503698184600881338e-02 2.100000000000000000e+01
9.949999999999999956e-01 9.735809523809523247e-01 4.274316252101037494e-02 2.100000000000000000e+01
1.004999999999999893e+00 9.388189333333335496e-01 5.201054628396845764e-02 1.500000000000000000e+01
1.015000000000000124e+00 8.750856999999999664e-01 4.060566616592922035e-02 1.000000000000000000e+01
1.024999999999999911e+00 9.156626666666668468e-01 8.511208876247318422e-02 6.000000000000000000e+00
1.044999999999999929e+00 9.421319999999999695e-01 6.071254336076966490e-02 3.000000000000000000e+00
1.055000000000000160e+00 1.103010000000000046e+00 0.000000000000000000e+00 1.000000000000000000e+00
