0.000000 nan
0.500000 0.000000
1.000000 0.000000
1.500000 0.000000
2.000000 0.000000
2.500000 0.000000
3.000000 0.000000
3.500000 0.003208
4.000000 0.008187
4.500000 0.029756
5.000000 0.049777
5.500000 0.113021
6.000000 0.200854
6.500000 0.294848
7.000000 0.462481
7.500000 0.616418
8.000000 0.785132
8.500000 0.978313
9.000000 1.126205
9.500000 1.250118
10.000000 1.329566
10.500000 1.379898
11.000000 1.427593
11.500000 1.434619
12.000000 1.501675
12.500000 1.527301
13.000000 1.560429
13.500000 1.601297
14.000000 1.643612
14.500000 1.678812
15.000000 1.722687
15.500000 1.763277
16.000000 1.785018
16.500000 1.820508
17.000000 1.820694
17.500000 1.823063
18.000000 1.833682
18.500000 1.819723
19.000000 1.815959
19.500000 1.816625
20.000000 1.805786
20.500000 1.787971
21.000000 1.773765
21.500000 1.764513
22.000000 1.718887
22.500000 1.684508
23.000000 1.643364
23.500000 1.609781
24.000000 1.552843
24.500000 1.497005
25.000000 1.448328
25.500000 1.407458
26.000000 1.359252
26.500000 1.320027
27.000000 1.272614
27.500000 1.242278
28.000000 1.205324
28.500000 1.183078
29.000000 1.146653
29.500000 1.115052
30.000000 1.099530
30.500000 1.064972
31.000000 1.037343
31.500000 1.020039
32.000000 1.004261
32.500000 0.978783
33.000000 0.961256
33.500000 0.942055
34.000000 0.925622
34.500000 0.910278
35.000000 0.896775
35.500000 0.885193
36.000000 0.873349
36.500000 0.864344
37.000000 0.849657
37.500000 0.842800
38.000000 0.835753
38.500000 0.828069
39.000000 0.822923
39.500000 0.815822
40.000000 0.813843
40.500000 0.808751
41.000000 0.799782
41.500000 0.797367
42.000000 0.798678
42.500000 0.798315
43.000000 0.795217
43.500000 0.799498
44.000000 0.798021
44.500000 0.798532
45.000000 0.800647
45.500000 0.796644
46.000000 0.798393
46.500000 0.807378
47.000000 0.804315
47.500000 0.808976
48.000000 0.813752
48.500000 0.813622
49.000000 0.816295
49.500000 0.825078
50.000000 0.821601
50.500000 0.831356
51.000000 0.835446
51.500000 0.838846
52.000000 0.843463
52.500000 0.847011
53.000000 0.853783
53.500000 0.858365
54.000000 0.858270
54.500000 0.859374
55.000000 0.871643
55.500000 0.875766
56.000000 0.879253
56.500000 0.880227
57.000000 0.890466
57.500000 0.895447
58.000000 0.900833
58.500000 0.905078
59.000000 0.905427
59.500000 0.918209
60.000000 0.919977
60.500000 0.923421
61.000000 0.932358
61.500000 0.937741
62.000000 0.939109
62.500000 0.943985
63.000000 0.950362
63.500000 0.955498
64.000000 0.957995
64.500000 0.968786
65.000000 0.968939
65.500000 0.976201
66.000000 0.976908
66.500000 0.980943
67.000000 0.986640
67.500000 0.993217
68.000000 0.993684
68.500000 0.998237
69.000000 1.003527
69.500000 1.006867
70.000000 1.015178
70.500000 1.017509
71.000000 1.022149
71.500000 1.021406
72.000000 1.024394
72.500000 1.028854
73.000000 1.031674
73.500000 1.034302
74.000000 1.034595
74.500000 1.040122
75.000000 1.040158
75.500000 1.044742
76.000000 1.045371
76.500000 1.050255
77.000000 1.049659
77.500000 1.050034
78.000000 1.049402
78.500000 1.051369
79.000000 1.053590
79.500000 1.053776
80.000000 1.055175
80.500000 1.056802
81.000000 1.056062
81.500000 1.058634
82.000000 1.057965
82.500000 1.055484
83.000000 1.059335
83.500000 1.055285
84.000000 1.054868
84.500000 1.055222
85.000000 1.053101
85.500000 1.051819
86.000000 1.050791
86.500000 1.050808
87.000000 1.051914
87.500000 1.048998
88.000000 1.046323
88.500000 1.043457
89.000000 1.043826
89.500000 1.042825
90.000000 1.040246
90.500000 1.040634
91.000000 1.035700
91.500000 1.035811
92.000000 1.031914
92.500000 1.031638
93.000000 1.029490
93.500000 1.027721
94.000000 1.024644
94.500000 1.025343
95.000000 1.020775
95.500000 1.019666
96.000000 1.018805
96.500000 1.014815
97.000000 1.013296
97.500000 1.010061
98.000000 1.010588
98.500000 1.009009
99.000000 1.005449
99.500000 1.005032
100.000000 1.000965
100.500000 1.001642
101.000000 0.998663
101.500000 0.996412
102.000000 0.995282
102.500000 0.993570
103.000000 0.991749
103.500000 0.987852
104.000000 0.987896
104.500000 0.986363
105.000000 0.985234
105.500000 0.983866
106.000000 0.982626
106.500000 0.983607
107.000000 0.978496
107.500000 0.978859
108.000000 0.979652
108.500000 0.978414
109.000000 0.975731
109.500000 0.974792
110.000000 0.971693
110.500000 0.972384
111.000000 0.971159
111.500000 0.970260
112.000000 0.969389
112.500000 0.969111
113.000000 0.969732
113.500000 0.968470
114.000000 0.967846
114.500000 0.968179
115.000000 0.966514
115.500000 0.965570
116.000000 0.965304
116.500000 0.965594
117.000000 0.962812
117.500000 0.966540
118.000000 0.966007
118.500000 0.964964
119.000000 0.965735
119.500000 0.965994
120.000000 0.963901
120.500000 0.964356
121.000000 0.967200
121.500000 0.966200
122.000000 0.966773
122.500000 0.967444
123.000000 0.966594
123.500000 0.967602
124.000000 0.965989
124.500000 0.967119
