0.000000 nan
0.500000 0.000000
1.000000 0.000000
1.500000 0.023287
2.000000 0.019649
2.500000 0.050301
3.000000 0.189210
3.500000 0.425589
4.000000 0.772851
4.500000 1.547320
5.000000 2.571630
5.500000 3.778624
6.000000 5.113771
6.500000 6.154906
7.000000 6.912620
7.500000 7.132936
8.000000 6.909813
8.500000 6.644045
9.000000 6.170519
9.500000 5.603107
10.000000 5.174173
10.500000 4.774871
11.000000 4.409116
11.500000 4.096252
12.000000 3.815316
12.500000 3.614617
13.000000 3.479264
13.500000 3.299482
14.000000 3.190183
14.500000 3.018573
15.000000 2.964255
15.500000 2.799215
16.000000 2.664454
16.500000 2.548529
17.000000 2.409704
17.500000 2.333599
18.000000 2.174139
18.500000 2.099006
19.000000 2.004790
19.500000 1.896202
20.000000 1.841482
20.500000 1.766900
21.000000 1.701526
21.500000 1.615824
22.000000 1.561941
22.500000 1.506903
23.000000 1.454528
23.500000 1.406243
24.000000 1.350852
24.500000 1.313343
25.000000 1.253832
25.500000 1.220696
26.000000 1.177337
26.500000 1.158957
27.000000 1.104643
27.500000 1.075925
28.000000 1.056756
28.500000 1.028936
29.000000 0.997406
29.500000 0.972763
30.000000 0.955221
30.500000 0.935987
31.000000 0.909800
31.500000 0.897331
32.000000 0.865645
32.500000 0.843283
33.000000 0.837096
33.500000 0.819508
34.000000 0.816455
34.500000 0.801589
35.000000 0.788688
35.500000 0.777209
36.000000 0.763916
36.500000 0.758607
37.000000 0.742548
37.500000 0.742515
38.000000 0.731467
38.500000 0.721022
39.000000 0.713918
39.500000 0.705647
40.000000 0.706946
40.500000 0.694358
41.000000 0.694872
41.500000 0.694688
42.000000 0.687825
42.500000 0.685501
43.000000 0.681922
43.500000 0.677370
44.000000 0.679398
44.500000 0.675713
45.000000 0.678932
45.500000 0.677228
46.000000 0.686196
46.500000 0.684895
47.000000 0.689091
47.500000 0.688188
48.000000 0.691720
48.500000 0.691431
49.000000 0.698790
49.500000 0.700258
50.000000 0.708833
50.500000 0.711755
51.000000 0.716078
51.500000 0.722500
52.000000 0.730008
52.500000 0.736367
53.000000 0.748989
53.500000 0.748144
54.000000 0.758368
54.500000 0.761699
55.000000 0.769677
55.500000 0.779142
56.000000 0.789818
56.500000 0.794481
57.000000 0.803795
57.500000 0.816271
58.000000 0.828581
58.500000 0.835675
59.000000 0.844240
59.500000 0.856914
60.000000 0.866867
60.500000 0.868201
61.000000 0.885498
61.500000 0.888835
62.000000 0.898098
62.500000 0.909526
63.000000 0.917906
63.500000 0.928340
64.000000 0.933917
64.500000 0.945880
65.000000 0.955040
65.500000 0.960330
66.000000 0.970500
66.500000 0.978863
67.000000 0.988586
67.500000 0.995097
68.000000 0.999820
68.500000 1.009923
69.000000 1.015094
69.500000 1.021585
70.000000 1.034209
70.500000 1.039843
71.000000 1.038667
71.500000 1.051659
72.000000 1.054125
72.500000 1.059542
73.000000 1.065126
73.500000 1.066692
74.000000 1.074754
74.500000 1.075731
75.000000 1.080261
75.500000 1.080864
76.000000 1.087435
76.500000 1.095399
77.000000 1.092045
77.500000 1.093088
78.000000 1.096210
78.500000 1.100583
79.000000 1.103004
79.500000 1.100532
80.000000 1.103503
80.500000 1.105232
81.000000 1.105034
81.500000 1.106280
82.000000 1.106338
82.500000 1.101964
83.000000 1.109594
83.500000 1.108854
84.000000 1.107192
84.500000 1.106170
85.000000 1.105820
85.500000 1.102597
86.000000 1.100578
86.500000 1.098168
87.000000 1.101757
87.500000 1.097472
88.000000 1.096700
88.500000 1.093401
89.000000 1.092019
89.500000 1.092476
90.000000 1.087302
90.500000 1.084143
91.000000 1.081655
91.500000 1.076344
92.000000 1.077221
92.500000 1.075038
93.000000 1.074274
93.500000 1.067664
94.000000 1.064712
94.500000 1.061696
95.000000 1.056878
95.500000 1.053515
96.000000 1.049827
96.500000 1.047419
97.000000 1.045219
97.500000 1.038748
98.000000 1.035140
98.500000 1.029005
99.000000 1.025200
99.500000 1.022276
100.000000 1.018964
100.500000 1.010035
101.000000 1.010821
101.500000 1.006786
102.000000 1.003504
102.500000 0.997812
103.000000 0.994843
103.500000 0.993438
104.000000 0.987963
104.500000 0.981727
105.000000 0.980643
105.500000 0.975220
106.000000 0.976180
106.500000 0.969800
107.000000 0.965096
107.500000 0.964448
108.000000 0.960694
108.500000 0.960599
109.000000 0.953636
109.500000 0.955667
110.000000 0.953297
110.500000 0.948035
111.000000 0.951882
111.500000 0.945286
112.000000 0.945062
112.500000 0.939957
113.000000 0.941833
113.500000 0.937430
114.000000 0.938498
114.500000 0.938958
115.000000 0.937768
115.500000 0.936848
116.000000 0.933600
116.500000 0.932603
117.000000 0.934214
117.500000 0.934882
118.000000 0.933776
118.500000 0.933387
119.000000 0.937477
119.500000 0.934151
120.000000 0.935175
120.500000 0.935943
121.000000 0.933329
121.500000 0.933971
122.000000 0.934017
122.500000 0.937112
123.000000 0.939945
123.500000 0.940705
124.000000 0.944507
124.500000 0.942633
