0.000000 nan
0.500000 0.000000
1.000000 0.000000
1.500000 0.000000
2.000000 0.000000
2.500000 0.000000
3.000000 0.000000
3.500000 0.000000
4.000000 0.000000
4.500000 0.000000
5.000000 0.000524
5.500000 0.000000
6.000000 0.000000
6.500000 0.000620
7.000000 0.002139
7.500000 0.004657
8.000000 0.009006
8.500000 0.012873
9.000000 0.019730
9.500000 0.024819
10.000000 0.034582
10.500000 0.035644
11.000000 0.047200
11.500000 0.060915
12.000000 0.070226
12.500000 0.076290
13.000000 0.081928
13.500000 0.089915
14.000000 0.099647
14.500000 0.109404
15.000000 0.119523
15.500000 0.131455
16.000000 0.155450
16.500000 0.172154
17.000000 0.187604
17.500000 0.202230
18.000000 0.226405
18.500000 0.256281
19.000000 0.280779
19.500000 0.306078
20.000000 0.330197
20.500000 0.362320
21.000000 0.394104
21.500000 0.431047
22.000000 0.456143
22.500000 0.484327
23.000000 0.518494
23.500000 0.550391
24.000000 0.581458
24.500000 0.608574
25.000000 0.647539
25.500000 0.674690
26.000000 0.698209
26.500000 0.725085
27.000000 0.771216
27.500000 0.797677
28.000000 0.823059
28.500000 0.841266
29.000000 0.882177
29.500000 0.911922
30.000000 0.935674
30.500000 0.956419
31.000000 0.972692
31.500000 1.000606
32.000000 1.025829
32.500000 1.042527
33.000000 1.058459
33.500000 1.077033
34.000000 1.093951
34.500000 1.112657
35.000000 1.119717
35.500000 1.135307
36.000000 1.149594
36.500000 1.151705
37.000000 1.156727
37.500000 1.159350
38.000000 1.171160
38.500000 1.176084
39.000000 1.180846
39.500000 1.182657
40.000000 1.184951
40.500000 1.195149
41.000000 1.190232
41.500000 1.182299
42.000000 1.191817
42.500000 1.193578
43.000000 1.187668
43.500000 1.188531
44.000000 1.189501
44.500000 1.186179
45.000000 1.181351
45.500000 1.183522
46.000000 1.176715
46.500000 1.165570
47.000000 1.161646
47.500000 1.159334
48.000000 1.152130
48.500000 1.149041
49.000000 1.140670
49.500000 1.136176
50.000000 1.134902
50.500000 1.127204
51.000000 1.125658
51.500000 1.123109
52.000000 1.114675
52.500000 1.113980
53.000000 1.113486
53.500000 1.109543
54.000000 1.103147
54.500000 1.100507
55.000000 1.092354
55.500000 1.090698
56.000000 1.088501
56.500000 1.084081
57.000000 1.080172
57.500000 1.074990
58.000000 1.072540
58.500000 1.068270
59.000000 1.062057
59.500000 1.060285
60.000000 1.054538
60.500000 1.050679
61.000000 1.046702
61.500000 1.043144
62.000000 1.036027
62.500000 1.032723
63.000000 1.027967
63.500000 1.022205
64.000000 1.017463
64.500000 1.015122
65.000000 1.009616
65.500000 1.006764
66.000000 1.002168
66.500000 0.996313
67.000000 0.992911
67.500000 0.986990
68.000000 0.985418
68.500000 0.979170
69.000000 0.976811
69.500000 0.970056
70.000000 0.971242
70.500000 0.964364
71.000000 0.960187
71.500000 0.957789
72.000000 0.953250
72.500000 0.951210
73.000000 0.949261
73.500000 0.945909
74.000000 0.941456
74.500000 0.940443
75.000000 0.938355
75.500000 0.936557
76.000000 0.932937
76.500000 0.929384
77.000000 0.931515
77.500000 0.928184
78.000000 0.928678
78.500000 0.926621
79.000000 0.929189
79.500000 0.928181
80.000000 0.926109
80.500000 0.927950
81.000000 0.925665
81.500000 0.927959
82.000000 0.927990
82.500000 0.929957
83.000000 0.927866
83.500000 0.931423
84.000000 0.928220
84.500000 0.927780
85.000000 0.930473
85.500000 0.932663
86.000000 0.929722
86.500000 0.937512
87.000000 0.935803
87.500000 0.938078
88.000000 0.940113
88.500000 0.941908
89.000000 0.940399
89.500000 0.943189
90.000000 0.944986
90.500000 0.946601
91.000000 0.948417
91.500000 0.950854
92.000000 0.953989
92.500000 0.953839
93.000000 0.955519
93.500000 0.958983
94.000000 0.958810
94.500000 0.960713
95.000000 0.963614
95.500000 0.965655
96.000000 0.968234
96.500000 0.969438
97.000000 0.972584
97.500000 0.974157
98.000000 0.976844
98.500000 0.977317
99.000000 0.979178
99.500000 0.981680
100.000000 0.982367
100.500000 0.988525
101.000000 0.987275
101.500000 0.989791
102.000000 0.991511
102.500000 0.992804
103.000000 0.993060
103.500000 0.994441
104.000000 0.997853
104.500000 0.999138
105.000000 1.000186
105.500000 1.002091
106.000000 1.003789
106.500000 1.004992
107.000000 1.007150
107.500000 1.006311
108.000000 1.008818
108.500000 1.011223
109.000000 1.011270
109.500000 1.011722
110.000000 1.013800
110.500000 1.012028
111.000000 1.014255
111.500000 1.015974
112.000000 1.015165
112.500000 1.016195
113.000000 1.017990
113.500000 1.019846
114.000000 1.017749
114.500000 1.018585
115.000000 1.019152
115.500000 1.019172
116.000000 1.017688
116.500000 1.020879
117.000000 1.020757
117.500000 1.017516
118.000000 1.019284
118.500000 1.018671
119.000000 1.017558
119.500000 1.016984
120.000000 1.016925
120.500000 1.016758
121.000000 1.016875
121.500000 1.017628
122.000000 1.017944
122.500000 1.017755
123.000000 1.016705
123.500000 1.015315
124.000000 1.016028
124.500000 1.016443
