0.000000 nan
0.500000 0.000000
1.000000 0.000000
1.500000 0.000000
2.000000 0.000000
2.500000 0.004192
3.000000 0.000000
3.500000 0.003208
4.000000 0.012280
4.500000 0.025875
5.000000 0.049777
5.500000 0.110856
6.000000 0.173564
6.500000 0.283066
7.000000 0.456867
7.500000 0.624103
8.000000 0.827090
8.500000 0.966347
9.000000 1.116664
9.500000 1.243442
10.000000 1.312930
10.500000 1.404730
11.000000 1.426294
11.500000 1.449774
12.000000 1.501675
12.500000 1.509444
13.000000 1.547098
13.500000 1.559682
14.000000 1.617280
14.500000 1.694077
15.000000 1.709238
15.500000 1.734325
16.000000 1.782460
16.500000 1.776050
17.000000 1.815980
17.500000 1.809333
18.000000 1.821068
18.500000 1.830172
19.000000 1.802243
19.500000 1.800228
20.000000 1.772613
20.500000 1.769923
21.000000 1.761408
21.500000 1.737875
22.000000 1.717345
22.500000 1.678868
23.000000 1.642324
23.500000 1.589999
24.000000 1.535105
24.500000 1.485264
25.000000 1.436445
25.500000 1.398756
26.000000 1.348769
26.500000 1.294398
27.000000 1.265553
27.500000 1.231019
28.000000 1.191507
28.500000 1.168209
29.000000 1.135220
29.500000 1.111981
30.000000 1.077363
30.500000 1.058298
31.000000 1.027379
31.500000 1.014666
32.000000 0.991917
32.500000 0.965935
33.000000 0.953220
33.500000 0.936791
34.000000 0.914268
34.500000 0.901474
35.000000 0.881131
35.500000 0.875984
36.000000 0.863525
36.500000 0.856812
37.000000 0.844854
37.500000 0.836913
38.000000 0.825148
38.500000 0.820443
39.000000 0.817040
39.500000 0.808719
40.000000 0.803732
40.500000 0.797770
41.000000 0.799120
41.500000 0.792704
42.000000 0.790124
42.500000 0.793797
43.000000 0.790449
43.500000 0.796286
44.000000 0.789218
44.500000 0.791553
45.000000 0.791759
45.500000 0.788064
46.000000 0.795533
46.500000 0.800526
47.000000 0.797063
47.500000 0.801202
48.000000 0.805861
48.500000 0.810069
49.000000 0.811281
49.500000 0.814450
50.000000 0.820668
50.500000 0.822701
51.000000 0.827731
51.500000 0.831976
52.000000 0.838420
52.500000 0.838775
53.000000 0.846648
53.500000 0.856063
54.000000 0.858701
54.500000 0.864592
55.000000 0.868252
55.500000 0.875353
56.000000 0.879144
56.500000 0.880941
57.000000 0.891897
57.500000 0.896794
58.000000 0.903675
58.500000 0.904695
59.000000 0.911847
59.500000 0.918931
60.000000 0.926916
60.500000 0.927644
61.000000 0.935519
61.500000 0.935476
62.000000 0.942012
62.500000 0.952513
63.000000 0.956226
63.500000 0.961203
64.000000 0.965773
64.500000 0.968471
65.000000 0.972743
65.500000 0.979501
66.000000 0.988585
66.500000 0.990182
67.000000 0.999255
67.500000 0.998452
68.000000 1.003806
68.500000 1.008577
69.000000 1.012840
69.500000 1.018594
70.000000 1.018907
70.500000 1.025801
71.000000 1.029500
71.500000 1.031010
72.000000 1.036919
72.500000 1.040629
73.000000 1.041051
73.500000 1.044318
74.000000 1.048953
74.500000 1.050825
75.000000 1.051320
75.500000 1.052606
76.000000 1.055014
76.500000 1.056668
77.000000 1.059274
77.500000 1.060228
78.000000 1.061754
78.500000 1.062306
79.000000 1.064914
79.500000 1.061517
80.000000 1.064255
80.500000 1.065203
81.000000 1.062986
81.500000 1.063419
82.000000 1.063858
82.500000 1.067370
83.000000 1.063028
83.500000 1.062055
84.000000 1.064091
84.500000 1.061838
85.000000 1.058941
85.500000 1.057262
86.000000 1.058148
86.500000 1.053923
87.000000 1.054052
87.500000 1.051600
88.000000 1.051878
88.500000 1.046293
89.000000 1.046052
89.500000 1.046369
90.000000 1.044995
90.500000 1.041276
91.000000 1.039840
91.500000 1.034187
92.000000 1.033804
92.500000 1.034152
93.000000 1.029290
93.500000 1.027539
94.000000 1.024328
94.500000 1.021362
95.000000 1.020052
95.500000 1.018229
96.000000 1.014781
96.500000 1.013593
97.000000 1.011119
97.500000 1.010371
98.000000 1.009206
98.500000 1.007171
99.000000 1.003571
99.500000 1.000013
100.000000 0.999683
100.500000 0.997995
101.000000 0.995213
101.500000 0.991513
102.000000 0.991283
102.500000 0.989139
103.000000 0.988733
103.500000 0.985291
104.000000 0.984171
104.500000 0.983222
105.000000 0.980726
105.500000 0.980035
106.000000 0.979824
106.500000 0.978682
107.000000 0.976344
107.500000 0.975002
108.000000 0.974938
108.500000 0.972087
109.000000 0.971341
109.500000 0.968310
110.000000 0.970041
110.500000 0.970833
111.000000 0.968198
111.500000 0.966424
112.000000 0.967305
112.500000 0.965558
113.000000 0.963907
113.500000 0.965246
114.000000 0.965986
114.500000 0.965618
115.000000 0.965688
115.500000 0.962654
116.000000 0.964049
116.500000 0.963578
117.000000 0.962474
117.500000 0.962432
118.000000 0.963956
118.500000 0.964168
119.000000 0.964818
119.500000 0.964401
120.000000 0.963466
120.500000 0.964347
121.000000 0.964216
121.500000 0.961377
122.000000 0.962379
122.500000 0.964488
123.000000 0.965653
123.500000 0.965869
124.000000 0.966114
124.500000 0.966598
