0.000000 nan
0.500000 0.000000
1.000000 0.000000
1.500000 0.015525
2.000000 0.008733
2.500000 0.083835
3.000000 0.166893
3.500000 0.393510
4.000000 0.681157
4.500000 1.474870
5.000000 2.418631
5.500000 3.569326
6.000000 4.739960
6.500000 5.829571
7.000000 6.364594
7.500000 6.607417
8.000000 6.502102
8.500000 6.250859
9.000000 5.682130
9.500000 5.243733
10.000000 4.837262
10.500000 4.444570
11.000000 4.059516
11.500000 3.763581
12.000000 3.543569
12.500000 3.375968
13.000000 3.159923
13.500000 3.049214
14.000000 2.886630
14.500000 2.791832
15.000000 2.683331
15.500000 2.541648
16.000000 2.450637
16.500000 2.345293
17.000000 2.221571
17.500000 2.119364
18.000000 2.006168
18.500000 1.918788
19.000000 1.840416
19.500000 1.753676
20.000000 1.670144
20.500000 1.599060
21.000000 1.523029
21.500000 1.465105
22.000000 1.412906
22.500000 1.361917
23.000000 1.312724
23.500000 1.251195
24.000000 1.220285
24.500000 1.180937
25.000000 1.132830
25.500000 1.118978
26.000000 1.061731
26.500000 1.049252
27.000000 0.994219
27.500000 0.979919
28.000000 0.946749
28.500000 0.943882
29.000000 0.910494
29.500000 0.886715
30.000000 0.859577
30.500000 0.848410
31.000000 0.827297
31.500000 0.808952
32.000000 0.805804
32.500000 0.788840
33.000000 0.765245
33.500000 0.752844
34.000000 0.756217
34.500000 0.741822
35.000000 0.726339
35.500000 0.718191
36.000000 0.719376
36.500000 0.704758
37.000000 0.694387
37.500000 0.696884
38.000000 0.694099
38.500000 0.688277
39.000000 0.681329
39.500000 0.681854
40.000000 0.679061
40.500000 0.676538
41.000000 0.676118
41.500000 0.676434
42.000000 0.672523
42.500000 0.677833
43.000000 0.678219
43.500000 0.680772
44.000000 0.677657
44.500000 0.681618
45.000000 0.684581
45.500000 0.694472
46.000000 0.696823
46.500000 0.701159
47.000000 0.704252
47.500000 0.711906
48.000000 0.718650
48.500000 0.723140
49.000000 0.724112
49.500000 0.737784
50.000000 0.748309
50.500000 0.758643
51.000000 0.756264
51.500000 0.765330
52.000000 0.769751
52.500000 0.781671
53.000000 0.796949
53.500000 0.803517
54.000000 0.809909
54.500000 0.817402
55.000000 0.831927
55.500000 0.836068
56.000000 0.849452
56.500000 0.850384
57.000000 0.863537
57.500000 0.869557
58.000000 0.882271
58.500000 0.890893
59.000000 0.895325
59.500000 0.902422
60.000000 0.910140
60.500000 0.921995
61.000000 0.933537
61.500000 0.934138
62.000000 0.943186
62.500000 0.947283
63.000000 0.954511
63.500000 0.963448
64.000000 0.973790
64.500000 0.978794
65.000000 0.986265
65.500000 0.990928
66.000000 0.991536
66.500000 1.003617
67.000000 1.002529
67.500000 1.010057
68.000000 1.014143
68.500000 1.015524
69.000000 1.026730
69.500000 1.027783
70.000000 1.033469
70.500000 1.034176
71.000000 1.034629
71.500000 1.037093
72.000000 1.039861
72.500000 1.040328
73.000000 1.050759
73.500000 1.053220
74.000000 1.052724
74.500000 1.052248
75.000000 1.047605
75.500000 1.052331
76.000000 1.059019
76.500000 1.053828
77.000000 1.055510
77.500000 1.058737
78.000000 1.056540
78.500000 1.056524
79.000000 1.056604
79.500000 1.059289
80.000000 1.059286
80.500000 1.055046
81.000000 1.054727
81.500000 1.056982
82.000000 1.056121
82.500000 1.054372
83.000000 1.054135
83.500000 1.053678
84.000000 1.050795
84.500000 1.049487
85.000000 1.047856
85.500000 1.049437
86.000000 1.043447
86.500000 1.042987
87.000000 1.042705
87.500000 1.038036
88.000000 1.034099
88.500000 1.037415
89.000000 1.032534
89.500000 1.035551
90.000000 1.029817
90.500000 1.029729
91.000000 1.026881
91.500000 1.026616
92.000000 1.019705
92.500000 1.016647
93.000000 1.018782
93.500000 1.012430
94.000000 1.010097
94.500000 1.007741
95.000000 1.006229
95.500000 1.005342
96.000000 1.000567
96.500000 0.997870
97.000000 0.993902
97.500000 0.990135
98.000000 0.985706
98.500000 0.985333
99.000000 0.986472
99.500000 0.981783
100.000000 0.980587
100.500000 0.973230
101.000000 0.972086
101.500000 0.973789
102.000000 0.968043
102.500000 0.967007
103.000000 0.962698
103.500000 0.962110
104.000000 0.961920
104.500000 0.960785
105.000000 0.955323
105.500000 0.954515
106.000000 0.951932
106.500000 0.949975
107.000000 0.945459
107.500000 0.946122
108.000000 0.948576
108.500000 0.942379
109.000000 0.943878
109.500000 0.939205
110.000000 0.942072
110.500000 0.939880
111.000000 0.937586
111.500000 0.934982
112.000000 0.936875
112.500000 0.935363
113.000000 0.936840
113.500000 0.934225
114.000000 0.936214
114.500000 0.934969
115.000000 0.936498
115.500000 0.935849
116.000000 0.934140
116.500000 0.932434
117.000000 0.933257
117.500000 0.934222
118.000000 0.932719
118.500000 0.934713
119.000000 0.933525
119.500000 0.934252
120.000000 0.935261
120.500000 0.936922
121.000000 0.937577
121.500000 0.934625
122.000000 0.938174
122.500000 0.940045
123.000000 0.937133
123.500000 0.941526
124.000000 0.941859
124.500000 0.941692
