0.000000 nan
0.500000 0.000000
1.000000 0.000000
1.500000 0.011644
2.000000 0.013099
2.500000 0.075451
3.000000 0.195032
3.500000 0.417035
4.000000 0.857996
4.500000 1.579663
5.000000 2.618787
5.500000 3.850507
6.000000 5.278966
6.500000 6.210093
7.000000 6.902996
7.500000 6.999732
8.000000 6.931100
8.500000 6.592555
9.000000 6.183456
9.500000 5.649553
10.000000 5.179675
10.500000 4.721405
11.000000 4.400672
11.500000 4.057425
12.000000 3.798760
12.500000 3.602042
13.000000 3.484535
13.500000 3.299338
14.000000 3.149549
14.500000 3.030784
15.000000 2.904407
15.500000 2.762358
16.000000 2.643065
16.500000 2.571912
17.000000 2.414236
17.500000 2.314693
18.000000 2.183519
18.500000 2.075736
19.000000 1.993106
19.500000 1.905365
20.000000 1.844167
20.500000 1.785540
21.000000 1.678536
21.500000 1.612934
22.000000 1.568003
22.500000 1.507369
23.000000 1.455469
23.500000 1.402495
24.000000 1.339345
24.500000 1.321112
25.000000 1.257646
25.500000 1.223355
26.000000 1.201326
26.500000 1.158510
27.000000 1.122576
27.500000 1.079493
28.000000 1.050741
28.500000 1.035193
29.000000 0.994135
29.500000 0.976105
30.000000 0.964507
30.500000 0.933114
31.000000 0.923349
31.500000 0.892816
32.000000 0.875623
32.500000 0.853576
33.000000 0.841667
33.500000 0.830760
34.000000 0.822188
34.500000 0.802513
35.000000 0.790335
35.500000 0.775109
36.000000 0.761713
36.500000 0.755598
37.000000 0.748174
37.500000 0.734094
38.000000 0.726115
38.500000 0.718795
39.000000 0.715640
39.500000 0.714630
40.000000 0.707748
40.500000 0.697520
41.000000 0.694451
41.500000 0.688786
42.000000 0.690751
42.500000 0.684370
43.000000 0.684529
43.500000 0.682645
44.000000 0.678829
44.500000 0.680793
45.000000 0.683602
45.500000 0.681087
46.000000 0.683881
46.500000 0.687936
47.000000 0.683232
47.500000 0.690545
48.000000 0.699032
48.500000 0.701266
49.000000 0.701932
49.500000 0.705701
50.000000 0.711589
50.500000 0.712823
51.000000 0.717216
51.500000 0.731420
52.000000 0.729601
52.500000 0.740578
53.000000 0.751078
53.500000 0.755457
54.000000 0.771288
54.500000 0.777117
55.000000 0.784348
55.500000 0.792512
56.000000 0.797529
56.500000 0.809935
57.000000 0.815035
57.500000 0.822848
58.000000 0.838269
58.500000 0.849172
59.000000 0.857388
59.500000 0.866764
60.000000 0.871437
60.500000 0.881822
61.000000 0.895355
61.500000 0.900389
62.000000 0.912662
62.500000 0.923315
63.000000 0.929041
63.500000 0.938112
64.000000 0.944707
64.500000 0.951113
65.000000 0.960695
65.500000 0.967804
66.000000 0.975022
66.500000 0.982572
67.000000 0.989940
67.500000 1.002049
68.000000 1.004982
68.500000 1.007633
69.000000 1.015418
69.500000 1.023689
70.000000 1.032092
70.500000 1.030502
71.000000 1.038460
71.500000 1.045223
72.000000 1.048207
72.500000 1.051408
73.000000 1.056114
73.500000 1.065382
74.000000 1.063329
74.500000 1.066895
75.000000 1.074849
75.500000 1.078157
76.000000 1.081734
76.500000 1.084924
77.000000 1.084110
77.500000 1.086305
78.000000 1.088678
78.500000 1.091541
79.000000 1.090482
79.500000 1.093352
80.000000 1.099454
80.500000 1.094531
81.000000 1.101628
81.500000 1.102920
82.000000 1.102099
82.500000 1.102007
83.000000 1.101665
83.500000 1.102530
84.000000 1.101032
84.500000 1.100685
85.000000 1.097111
85.500000 1.102171
86.000000 1.095502
86.500000 1.095644
87.000000 1.093314
87.500000 1.095179
88.000000 1.091403
88.500000 1.087407
89.000000 1.087369
89.500000 1.084597
90.000000 1.081849
90.500000 1.081396
91.000000 1.082114
91.500000 1.078080
92.000000 1.072814
92.500000 1.067695
93.000000 1.067208
93.500000 1.064329
94.000000 1.059761
94.500000 1.057917
95.000000 1.055005
95.500000 1.053673
96.000000 1.047533
96.500000 1.043528
97.000000 1.042749
97.500000 1.036560
98.000000 1.033686
98.500000 1.034095
99.000000 1.026205
99.500000 1.022771
100.000000 1.017486
100.500000 1.016769
101.000000 1.010674
101.500000 1.009871
102.000000 1.007838
102.500000 1.000491
103.000000 1.001177
103.500000 0.997314
104.000000 0.990242
104.500000 0.989409
105.000000 0.983292
105.500000 0.982159
106.000000 0.977192
106.500000 0.973565
107.000000 0.974398
107.500000 0.971571
108.000000 0.964662
108.500000 0.962560
109.000000 0.962071
109.500000 0.958555
110.000000 0.959946
110.500000 0.949908
111.000000 0.949717
111.500000 0.949557
112.000000 0.945997
112.500000 0.947338
113.000000 0.944162
113.500000 0.944767
114.000000 0.942501
114.500000 0.941054
115.000000 0.941076
115.500000 0.939270
116.000000 0.939519
116.500000 0.938751
117.000000 0.938260
117.500000 0.936975
118.000000 0.933859
118.500000 0.937765
119.000000 0.937698
119.500000 0.936268
120.000000 0.939140
120.500000 0.938123
121.000000 0.939282
121.500000 0.939011
122.000000 0.939036
122.500000 0.940042
123.000000 0.941296
123.500000 0.941904
124.000000 0.942665
124.500000 0.944966
