0.000000 nan
0.500000 0.000000
1.000000 0.000000
1.500000 0.000000
2.000000 0.000000
2.500000 0.000000
3.000000 0.000000
3.500000 0.000000
4.000000 0.000000
4.500000 0.000000
5.000000 0.000000
5.500000 0.000000
6.000000 0.000000
6.500000 0.001860
7.000000 0.003208
7.500000 0.004425
8.000000 0.006754
8.500000 0.013960
9.000000 0.018274
9.500000 0.024674
10.000000 0.032486
10.500000 0.040159
11.000000 0.046876
11.500000 0.053882
12.000000 0.063677
12.500000 0.076541
13.000000 0.083401
13.500000 0.093581
14.000000 0.107667
14.500000 0.114014
15.000000 0.124762
15.500000 0.141433
16.000000 0.145779
16.500000 0.167871
17.000000 0.189235
17.500000 0.208004
18.000000 0.227780
18.500000 0.250195
19.000000 0.282449
19.500000 0.310212
20.000000 0.340382
20.500000 0.370174
21.000000 0.398827
21.500000 0.433342
22.000000 0.462287
22.500000 0.492995
23.000000 0.525056
23.500000 0.552620
24.000000 0.584414
24.500000 0.610167
25.000000 0.636557
25.500000 0.661878
26.000000 0.701155
26.500000 0.726671
27.000000 0.761621
27.500000 0.788064
28.000000 0.813987
28.500000 0.847136
29.000000 0.866975
29.500000 0.891918
30.000000 0.924743
30.500000 0.953927
31.000000 0.970252
31.500000 0.995894
32.000000 1.009468
32.500000 1.033647
33.000000 1.041799
33.500000 1.064450
34.000000 1.073509
34.500000 1.091020
35.000000 1.109163
35.500000 1.126472
36.000000 1.132381
36.500000 1.134763
37.000000 1.143742
37.500000 1.151395
38.000000 1.158116
38.500000 1.160168
39.000000 1.172888
39.500000 1.165480
40.000000 1.178688
40.500000 1.177995
41.000000 1.178107
41.500000 1.182192
42.000000 1.182237
42.500000 1.185405
43.000000 1.184267
43.500000 1.186454
44.000000 1.183966
44.500000 1.179835
45.000000 1.174352
45.500000 1.175835
46.000000 1.166000
46.500000 1.166334
47.000000 1.159244
47.500000 1.156971
48.000000 1.150396
48.500000 1.147275
49.000000 1.145182
49.500000 1.137192
50.000000 1.132775
50.500000 1.133193
51.000000 1.128981
51.500000 1.124082
52.000000 1.117804
52.500000 1.112350
53.000000 1.117972
53.500000 1.106934
54.000000 1.107545
54.500000 1.104811
55.000000 1.097282
55.500000 1.097532
56.000000 1.093568
56.500000 1.087688
57.000000 1.085300
57.500000 1.081440
58.000000 1.078731
58.500000 1.071562
59.000000 1.069462
59.500000 1.060122
60.000000 1.059075
60.500000 1.054000
61.000000 1.052355
61.500000 1.048076
62.000000 1.042928
62.500000 1.038239
63.000000 1.033293
63.500000 1.027435
64.000000 1.024777
64.500000 1.020748
65.000000 1.014245
65.500000 1.012941
66.000000 1.007830
66.500000 1.004447
67.000000 0.991752
67.500000 0.994318
68.000000 0.989044
68.500000 0.982679
69.000000 0.981434
69.500000 0.977807
70.000000 0.973138
70.500000 0.969888
71.000000 0.965535
71.500000 0.962173
72.000000 0.959509
72.500000 0.956815
73.000000 0.952076
73.500000 0.949842
74.000000 0.948264
74.500000 0.944535
75.000000 0.945611
75.500000 0.941504
76.000000 0.937514
76.500000 0.937777
77.000000 0.935034
77.500000 0.932681
78.000000 0.932864
78.500000 0.933058
79.000000 0.931458
79.500000 0.930804
80.000000 0.931349
80.500000 0.931046
81.000000 0.930680
81.500000 0.929182
82.000000 0.929326
82.500000 0.928743
83.000000 0.928275
83.500000 0.930680
84.000000 0.929538
84.500000 0.932757
85.000000 0.931129
85.500000 0.934668
86.000000 0.932965
86.500000 0.933046
87.000000 0.937415
87.500000 0.939118
88.000000 0.941863
88.500000 0.938600
89.000000 0.940630
89.500000 0.942001
90.000000 0.943532
90.500000 0.946094
91.000000 0.946660
91.500000 0.951112
92.000000 0.952581
92.500000 0.950161
93.000000 0.954304
93.500000 0.955806
94.000000 0.957076
94.500000 0.960998
95.000000 0.962960
95.500000 0.965214
96.000000 0.965717
96.500000 0.968638
97.000000 0.970309
97.500000 0.970547
98.000000 0.971888
98.500000 0.975852
99.000000 0.975747
99.500000 0.979439
100.000000 0.980389
100.500000 0.981165
101.000000 0.984245
101.500000 0.988820
102.000000 0.987833
102.500000 0.990884
103.000000 0.990904
103.500000 0.993002
104.000000 0.995899
104.500000 0.998325
105.000000 0.998256
105.500000 1.000584
106.000000 1.001275
106.500000 1.002461
107.000000 1.003644
107.500000 1.005679
108.000000 1.006982
108.500000 1.008575
109.000000 1.009519
109.500000 1.009992
110.000000 1.012158
110.500000 1.010932
111.000000 1.012565
111.500000 1.014063
112.000000 1.015997
112.500000 1.014342
113.000000 1.016372
113.500000 1.016649
114.000000 1.015928
114.500000 1.017613
115.000000 1.018795
115.500000 1.017331
116.000000 1.019533
116.500000 1.019218
117.000000 1.016994
117.500000 1.019703
118.000000 1.018877
118.500000 1.018613
119.000000 1.019215
119.500000 1.019766
120.000000 1.018693
120.500000 1.017431
121.000000 1.018782
121.500000 1.018449
122.000000 1.017831
122.500000 1.018522
123.000000 1.018337
123.500000 1.017434
124.000000 1.015332
124.500000 1.017138
