0.000000 nan
0.500000 0.000000
1.000000 0.000000
1.500000 0.000000
2.000000 0.000000
2.500000 0.000000
3.000000 0.000000
3.500000 0.006466
4.000000 0.014851
4.500000 0.050849
5.000000 0.099802
5.500000 0.147941
6.000000 0.338832
6.500000 0.578356
7.000000 0.952916
7.500000 1.308861
8.000000 1.722146
8.500000 2.164093
9.000000 2.500417
9.500000 2.569309
10.000000 2.657414
10.500000 2.562302
11.000000 2.518604
11.500000 2.329811
12.000000 2.171058
12.500000 1.968150
13.000000 1.834194
13.500000 1.685850
14.000000 1.541315
14.500000 1.467742
15.000000 1.391765
15.500000 1.339193
16.000000 1.272117
16.500000 1.244192
17.000000 1.243888
17.500000 1.203309
18.000000 1.189458
18.500000 1.174170
19.000000 1.187565
19.500000 1.166294
20.000000 1.146629
20.500000 1.110979
21.000000 1.085108
21.500000 1.071637
22.000000 1.055637
22.500000 1.015969
23.000000 0.981859
23.500000 0.953646
24.000000 0.931514
24.500000 0.926343
25.000000 0.904867
25.500000 0.885261
26.000000 0.863491
26.500000 0.854618
27.000000 0.843686
27.500000 0.832609
28.000000 0.823345
28.500000 0.806606
29.000000 0.805355
29.500000 0.794260
30.000000 0.790668
30.500000 0.789606
31.000000 0.789768
31.500000 0.773037
32.000000 0.769025
32.500000 0.760018
33.000000 0.774874
33.500000 0.765820
34.000000 0.770424
34.500000 0.770947
35.000000 0.784317
35.500000 0.780354
36.000000 0.789814
36.500000 0.800607
37.000000 0.813917
37.500000 0.814437
38.000000 0.825152
38.500000 0.837150
39.000000 0.840142
39.500000 0.856498
40.000000 0.865838
40.500000 0.889959
41.000000 0.899437
41.500000 0.914204
42.000000 0.927770
42.500000 0.928455
43.000000 0.949977
43.500000 0.963949
44.000000 0.965383
44.500000 0.985790
45.000000 0.984716
45.500000 0.991180
46.000000 0.998386
46.500000 1.014066
47.000000 1.017776
47.500000 1.014840
48.000000 1.021276
48.500000 1.036374
49.000000 1.044379
49.500000 1.038095
50.000000 1.051275
50.500000 1.051618
51.000000 1.057502
51.500000 1.059182
52.000000 1.066314
52.500000 1.068688
53.000000 1.069119
53.500000 1.080071
54.000000 1.078334
54.500000 1.079586
55.000000 1.086558
55.500000 1.083654
56.000000 1.082297
56.500000 1.089701
57.000000 1.090024
57.500000 1.087692
58.000000 1.088539
58.500000 1.080912
59.000000 1.083000
59.500000 1.078478
60.000000 1.075496
60.500000 1.073676
61.000000 1.068802
61.500000 1.061347
62.000000 1.069405
62.500000 1.058477
63.000000 1.060521
63.500000 1.048355
64.000000 1.049955
64.500000 1.043116
65.000000 1.043065
65.500000 1.031328
66.000000 1.028398
66.500000 1.021992
67.000000 1.014233
67.500000 1.013857
68.000000 1.006385
68.500000 1.000162
69.000000 1.004045
69.500000 0.995389
70.000000 0.990175
70.500000 0.986953
71.000000 0.981390
71.500000 0.974436
72.000000 0.972554
72.500000 0.966125
73.000000 0.966112
73.500000 0.964207
74.000000 0.962800
74.500000 0.958632
75.000000 0.955933
75.500000 0.956779
76.000000 0.955338
76.500000 0.949543
77.000000 0.952548
77.500000 0.945987
78.000000 0.941918
78.500000 0.941635
79.000000 0.934893
79.500000 0.943097
80.000000 0.940398
80.500000 0.936563
81.000000 0.938177
81.500000 0.938638
82.000000 0.938311
82.500000 0.940791
83.000000 0.939476
83.500000 0.940494
84.000000 0.939136
84.500000 0.942071
85.000000 0.941331
85.500000 0.943535
86.000000 0.945506
86.500000 0.950237
87.000000 0.951925
87.500000 0.957453
88.000000 0.952726
88.500000 0.957312
89.000000 0.960606
89.500000 0.966910
90.000000 0.966288
90.500000 0.969045
91.000000 0.972653
91.500000 0.974554
92.000000 0.980311
92.500000 0.987275
93.000000 0.987805
93.500000 0.992694
94.000000 0.994290
94.500000 1.000604
95.000000 1.000109
95.500000 1.004159
96.000000 1.006699
96.500000 1.009776
97.000000 1.009625
97.500000 1.015428
98.000000 1.015554
98.500000 1.020316
99.000000 1.020126
99.500000 1.019472
100.000000 1.022095
100.500000 1.022568
101.000000 1.024508
101.500000 1.025491
102.000000 1.023844
102.500000 1.023435
103.000000 1.023599
103.500000 1.023585
104.000000 1.023778
104.500000 1.023455
105.000000 1.023980
105.500000 1.020107
106.000000 1.021563
106.500000 1.022588
107.000000 1.021870
107.500000 1.018737
108.000000 1.017706
108.500000 1.019029
109.000000 1.017068
109.500000 1.017938
110.000000 1.013729
110.500000 1.010622
111.000000 1.010679
111.500000 1.006560
112.000000 1.006922
112.500000 1.004767
113.000000 1.006427
113.500000 1.004555
114.000000 1.002635
114.500000 1.000972
115.000000 0.999576
115.500000 0.999051
116.000000 0.993144
116.500000 0.992676
117.000000 0.993624
117.500000 0.987289
118.000000 0.991119
118.500000 0.985945
119.000000 0.985600
119.500000 0.986478
120.000000 0.981761
120.500000 0.985315
121.000000 0.983302
121.500000 0.982110
122.000000 0.976572
122.500000 0.976328
123.000000 0.979234
123.500000 0.976742
124.000000 0.977121
124.500000 0.976412
