0.000000 nan
0.500000 0.000000
1.000000 0.000000
1.500000 0.000000
2.000000 0.000000
2.500000 0.000000
3.000000 0.000000
3.500000 0.000000
4.000000 0.012376
4.500000 0.048894
5.000000 0.080792
5.500000 0.181981
6.000000 0.343233
6.500000 0.573669
7.000000 0.953724
7.500000 1.355330
8.000000 1.734522
8.500000 2.076938
9.000000 2.386984
9.500000 2.564482
10.000000 2.597612
10.500000 2.518837
11.000000 2.454453
11.500000 2.305554
12.000000 2.104226
12.500000 1.998819
13.000000 1.804667
13.500000 1.635435
14.000000 1.523533
14.500000 1.408972
15.000000 1.363426
15.500000 1.280838
16.000000 1.270725
16.500000 1.228481
17.000000 1.228677
17.500000 1.199300
18.000000 1.182002
18.500000 1.175790
19.000000 1.151911
19.500000 1.153691
20.000000 1.138411
20.500000 1.116728
21.000000 1.100824
21.500000 1.044563
22.000000 1.034035
22.500000 1.020976
23.000000 1.001624
23.500000 0.962252
24.000000 0.938665
24.500000 0.918227
25.000000 0.895426
25.500000 0.890377
26.000000 0.863902
26.500000 0.859186
27.000000 0.845370
27.500000 0.831562
28.000000 0.835670
28.500000 0.819673
29.000000 0.799469
29.500000 0.802224
30.000000 0.795200
30.500000 0.788798
31.000000 0.777116
31.500000 0.784971
32.000000 0.778230
32.500000 0.770779
33.000000 0.769274
33.500000 0.771855
34.000000 0.769499
34.500000 0.772977
35.000000 0.775264
35.500000 0.783559
36.000000 0.789570
36.500000 0.801083
37.000000 0.814322
37.500000 0.811508
38.000000 0.820928
38.500000 0.833890
39.000000 0.846417
39.500000 0.858604
40.000000 0.876160
40.500000 0.875183
41.000000 0.898236
41.500000 0.916872
42.000000 0.920923
42.500000 0.942926
43.000000 0.948992
43.500000 0.956770
44.000000 0.968574
44.500000 0.984810
45.000000 0.984716
45.500000 0.994968
46.000000 0.999621
46.500000 1.012491
47.000000 1.012935
47.500000 1.016771
48.000000 1.036488
48.500000 1.038125
49.000000 1.034960
49.500000 1.037643
50.000000 1.046570
50.500000 1.049242
51.000000 1.059938
51.500000 1.059361
52.000000 1.067266
52.500000 1.069938
53.000000 1.084459
53.500000 1.071367
54.000000 1.082436
54.500000 1.081532
55.000000 1.083049
55.500000 1.081867
56.000000 1.084229
56.500000 1.079342
57.000000 1.075885
57.500000 1.089740
58.000000 1.093072
58.500000 1.082961
59.000000 1.080725
59.500000 1.074585
60.000000 1.076497
60.500000 1.072378
61.000000 1.070856
61.500000 1.070184
62.000000 1.059556
62.500000 1.056621
63.000000 1.053676
63.500000 1.046911
64.000000 1.040383
64.500000 1.039984
65.000000 1.035754
65.500000 1.033091
66.000000 1.028344
66.500000 1.025512
67.000000 1.011215
67.500000 1.010206
68.000000 1.009006
68.500000 0.999934
69.000000 0.996458
69.500000 0.991568
70.000000 0.986377
70.500000 0.987726
71.000000 0.980172
71.500000 0.973468
72.000000 0.972630
72.500000 0.965296
73.000000 0.963809
73.500000 0.963804
74.000000 0.963393
74.500000 0.957362
75.000000 0.955947
75.500000 0.948247
76.000000 0.951067
76.500000 0.948231
77.000000 0.941801
77.500000 0.942486
78.000000 0.939757
78.500000 0.939797
79.000000 0.937222
79.500000 0.938604
80.000000 0.936425
80.500000 0.940878
81.000000 0.933770
81.500000 0.939359
82.000000 0.935560
82.500000 0.937876
83.000000 0.936791
83.500000 0.937426
84.000000 0.936302
84.500000 0.940502
85.000000 0.941238
85.500000 0.940436
86.000000 0.946641
86.500000 0.944272
87.000000 0.950078
87.500000 0.952513
88.000000 0.955733
88.500000 0.955583
89.000000 0.958551
89.500000 0.963687
90.000000 0.966997
90.500000 0.969103
91.000000 0.971529
91.500000 0.974743
92.000000 0.979178
92.500000 0.979475
93.000000 0.986015
93.500000 0.989274
94.000000 0.990444
94.500000 0.996480
95.000000 1.002333
95.500000 1.003169
96.000000 1.006884
96.500000 1.010567
97.000000 1.011944
97.500000 1.017311
98.000000 1.014536
98.500000 1.018304
99.000000 1.017649
99.500000 1.019944
100.000000 1.023647
100.500000 1.022160
101.000000 1.024446
101.500000 1.024134
102.000000 1.027887
102.500000 1.025618
103.000000 1.022822
103.500000 1.027756
104.000000 1.029175
104.500000 1.028177
105.000000 1.026958
105.500000 1.026729
106.000000 1.026724
106.500000 1.023914
107.000000 1.022396
107.500000 1.024981
108.000000 1.021553
108.500000 1.022494
109.000000 1.022122
109.500000 1.020640
110.000000 1.016466
110.500000 1.019399
111.000000 1.016028
111.500000 1.014091
112.000000 1.010743
112.500000 1.011319
113.000000 1.010922
113.500000 1.014424
114.000000 1.003534
114.500000 1.003836
115.000000 1.003612
115.500000 1.000817
116.000000 0.999077
116.500000 0.997605
117.000000 0.996231
117.500000 0.997624
118.000000 0.994603
118.500000 0.990249
119.000000 0.989454
119.500000 0.988117
120.000000 0.986137
120.500000 0.987413
121.000000 0.987787
121.500000 0.982888
122.000000 0.979598
122.500000 0.978719
123.000000 0.979359
123.500000 0.977945
124.000000 0.977062
124.500000 0.974327
