0.000000 nan
0.500000 0.000000
1.000000 0.000000
1.500000 0.000000
2.000000 0.000000
2.500000 0.000000
3.000000 0.002200
3.500000 0.004849
4.000000 0.012376
4.500000 0.029336
5.000000 0.085544
5.500000 0.175435
6.000000 0.374586
6.500000 0.568982
7.000000 0.900380
7.500000 1.313790
8.000000 1.744732
8.500000 2.075841
9.000000 2.406786
9.500000 2.581377
10.000000 2.641969
10.500000 2.618340
11.000000 2.467381
11.500000 2.334452
12.000000 2.169407
12.500000 1.947239
13.000000 1.784631
13.500000 1.670965
14.000000 1.550710
14.500000 1.445326
15.000000 1.350313
15.500000 1.288174
16.000000 1.252083
16.500000 1.218371
17.000000 1.227306
17.500000 1.196325
18.000000 1.184936
18.500000 1.147439
19.000000 1.167215
19.500000 1.148848
20.000000 1.139995
20.500000 1.124408
21.000000 1.090945
21.500000 1.070823
22.000000 1.024298
22.500000 1.015891
23.000000 0.991068
23.500000 0.971790
24.000000 0.945644
24.500000 0.908891
25.000000 0.890040
25.500000 0.884195
26.000000 0.868208
26.500000 0.852447
27.000000 0.837384
27.500000 0.835594
28.000000 0.821678
28.500000 0.818698
29.000000 0.805426
29.500000 0.799858
30.000000 0.799732
30.500000 0.794481
31.000000 0.781361
31.500000 0.778765
32.000000 0.776857
32.500000 0.772129
33.000000 0.777129
33.500000 0.782865
34.000000 0.772000
34.500000 0.786236
35.000000 0.774068
35.500000 0.785366
36.000000 0.794261
36.500000 0.794261
37.000000 0.808507
37.500000 0.808790
38.000000 0.824233
38.500000 0.834091
39.000000 0.842941
39.500000 0.858909
40.000000 0.872075
40.500000 0.883078
41.000000 0.901416
41.500000 0.915906
42.000000 0.927624
42.500000 0.939890
43.000000 0.951872
43.500000 0.959627
44.000000 0.977095
44.500000 0.985350
45.000000 0.987924
45.500000 0.999626
46.000000 1.005966
46.500000 1.014908
47.000000 1.021989
47.500000 1.023555
48.000000 1.038336
48.500000 1.039455
49.000000 1.044898
49.500000 1.051575
50.000000 1.053477
50.500000 1.059965
51.000000 1.063410
51.500000 1.071016
52.000000 1.071250
52.500000 1.074946
53.000000 1.078163
53.500000 1.083931
54.000000 1.083121
54.500000 1.084992
55.000000 1.094871
55.500000 1.093001
56.000000 1.091365
56.500000 1.092976
57.000000 1.089250
57.500000 1.088938
58.000000 1.091906
58.500000 1.093723
59.000000 1.088285
59.500000 1.080665
60.000000 1.081436
60.500000 1.079086
61.000000 1.072894
61.500000 1.065855
62.000000 1.064367
62.500000 1.058847
63.000000 1.056984
63.500000 1.049882
64.000000 1.045459
64.500000 1.041417
65.000000 1.032379
65.500000 1.030612
66.000000 1.028907
66.500000 1.021885
67.000000 1.018079
67.500000 1.014118
68.000000 1.005760
68.500000 1.003027
69.000000 0.997594
69.500000 0.991003
70.000000 0.984259
70.500000 0.982754
71.000000 0.977124
71.500000 0.971330
72.000000 0.970388
72.500000 0.967851
73.000000 0.966049
73.500000 0.961674
74.000000 0.957846
74.500000 0.955764
75.000000 0.953694
75.500000 0.946961
76.000000 0.947090
76.500000 0.946752
77.000000 0.943113
77.500000 0.941893
78.000000 0.940570
78.500000 0.936047
79.000000 0.937457
79.500000 0.937207
80.000000 0.935089
80.500000 0.936211
81.000000 0.937015
81.500000 0.934983
82.000000 0.936455
82.500000 0.933017
83.000000 0.933454
83.500000 0.933947
84.000000 0.938940
84.500000 0.938216
85.000000 0.944149
85.500000 0.941137
86.000000 0.944113
86.500000 0.946484
87.000000 0.948830
87.500000 0.949177
88.000000 0.949662
88.500000 0.954847
89.000000 0.957863
89.500000 0.959833
90.000000 0.962533
90.500000 0.967814
91.000000 0.972517
91.500000 0.976177
92.000000 0.978156
92.500000 0.981366
93.000000 0.984559
93.500000 0.988488
94.000000 0.995162
94.500000 0.995615
95.000000 0.997581
95.500000 1.002506
96.000000 1.007095
96.500000 1.007182
97.000000 1.011387
97.500000 1.012951
98.000000 1.014041
98.500000 1.016563
99.000000 1.019455
99.500000 1.019796
100.000000 1.022144
100.500000 1.022307
101.000000 1.024496
101.500000 1.023523
102.000000 1.023005
102.500000 1.025780
103.000000 1.024653
103.500000 1.023626
104.000000 1.025306
104.500000 1.026531
105.000000 1.024438
105.500000 1.025076
106.000000 1.022455
106.500000 1.022448
107.000000 1.020454
107.500000 1.021251
108.000000 1.022994
108.500000 1.018560
109.000000 1.020120
109.500000 1.017672
110.000000 1.013772
110.500000 1.015064
111.000000 1.014019
111.500000 1.013285
112.000000 1.008102
112.500000 1.008720
113.000000 1.006713
113.500000 1.003386
114.000000 1.002615
114.500000 1.001587
115.000000 1.001575
115.500000 0.998717
116.000000 0.999317
116.500000 0.996249
117.000000 0.992962
117.500000 0.993234
118.000000 0.989263
118.500000 0.992054
119.000000 0.988171
119.500000 0.985777
120.000000 0.986533
120.500000 0.984269
121.000000 0.983735
121.500000 0.982667
122.000000 0.980991
122.500000 0.980411
123.000000 0.977096
123.500000 0.978150
124.000000 0.977142
124.500000 0.975612
