0.000000 nan
0.500000 0.000000
1.000000 0.000000
1.500000 0.000000
2.000000 0.000000
2.500000 0.000000
3.000000 0.000000
3.500000 0.019398
4.000000 0.024752
4.500000 0.043026
5.000000 0.153663
5.500000 0.335159
6.000000 0.642461
6.500000 1.108906
7.000000 1.709429
7.500000 2.258648
8.000000 2.806918
8.500000 3.274096
9.000000 3.563852
9.500000 3.612392
10.000000 3.451470
10.500000 3.304447
11.000000 3.057347
11.500000 2.906574
12.000000 2.676281
12.500000 2.541232
13.000000 2.360058
13.500000 2.265836
14.000000 2.191948
14.500000 2.105170
15.000000 2.063445
15.500000 2.009284
16.000000 1.955128
16.500000 1.915674
17.000000 1.862474
17.500000 1.769594
18.000000 1.720687
18.500000 1.613775
19.000000 1.552227
19.500000 1.491248
20.000000 1.383063
20.500000 1.337906
21.000000 1.262112
21.500000 1.182759
22.000000 1.121425
22.500000 1.068931
23.000000 1.018019
23.500000 0.974443
24.000000 0.933233
24.500000 0.894937
25.000000 0.853161
25.500000 0.829289
26.000000 0.791314
26.500000 0.758351
27.000000 0.733349
27.500000 0.726929
28.000000 0.700391
28.500000 0.683784
29.000000 0.658384
29.500000 0.651318
30.000000 0.645278
30.500000 0.628637
31.000000 0.623481
31.500000 0.612107
32.000000 0.596880
32.500000 0.590879
33.000000 0.574637
33.500000 0.569116
34.000000 0.570247
34.500000 0.574134
35.000000 0.562406
35.500000 0.562356
36.000000 0.564537
36.500000 0.561513
37.000000 0.571261
37.500000 0.570266
38.000000 0.579192
38.500000 0.591659
39.000000 0.604003
39.500000 0.597718
40.000000 0.615591
40.500000 0.638586
41.000000 0.646194
41.500000 0.660312
42.000000 0.681639
42.500000 0.703824
43.000000 0.720857
43.500000 0.743561
44.000000 0.760143
44.500000 0.779016
45.000000 0.805981
45.500000 0.820025
46.000000 0.840252
46.500000 0.862830
47.000000 0.881359
47.500000 0.902343
48.000000 0.923177
48.500000 0.941399
49.000000 0.963505
49.500000 0.975754
50.000000 1.001596
50.500000 1.018432
51.000000 1.026592
51.500000 1.055658
52.000000 1.077006
52.500000 1.087568
53.000000 1.109484
53.500000 1.123822
54.000000 1.133747
54.500000 1.142413
55.000000 1.166368
55.500000 1.176073
56.000000 1.184603
56.500000 1.189249
57.000000 1.199803
57.500000 1.210795
58.000000 1.210965
58.500000 1.220140
59.000000 1.224099
59.500000 1.221310
60.000000 1.225352
60.500000 1.222938
61.000000 1.225184
61.500000 1.214746
62.000000 1.219104
62.500000 1.208720
63.000000 1.198810
63.500000 1.192303
64.000000 1.187176
64.500000 1.181712
65.000000 1.169572
65.500000 1.157462
66.000000 1.146055
66.500000 1.143994
67.000000 1.136203
67.500000 1.119250
68.000000 1.113985
68.500000 1.098710
69.000000 1.092644
69.500000 1.079471
70.000000 1.068445
70.500000 1.048467
71.000000 1.048907
71.500000 1.032483
72.000000 1.024503
72.500000 1.005561
73.000000 0.995223
73.500000 0.990496
74.000000 0.981951
74.500000 0.969229
75.000000 0.959341
75.500000 0.945996
76.000000 0.939267
76.500000 0.932849
77.000000 0.928849
77.500000 0.916942
78.000000 0.912156
78.500000 0.905606
79.000000 0.904065
79.500000 0.896320
80.000000 0.894779
80.500000 0.890709
81.000000 0.889108
81.500000 0.883086
82.000000 0.880949
82.500000 0.884227
83.000000 0.880389
83.500000 0.878392
84.000000 0.880219
84.500000 0.877953
85.000000 0.884565
85.500000 0.888768
86.000000 0.880070
86.500000 0.887472
87.000000 0.886944
87.500000 0.892825
88.000000 0.894322
88.500000 0.896735
89.000000 0.901532
89.500000 0.908510
90.000000 0.910902
90.500000 0.916643
91.000000 0.921155
91.500000 0.926475
92.000000 0.927498
92.500000 0.932124
93.000000 0.939840
93.500000 0.946300
94.000000 0.948362
94.500000 0.956478
95.000000 0.963147
95.500000 0.969467
96.000000 0.969640
96.500000 0.978849
97.000000 0.983507
97.500000 0.988219
98.000000 0.992037
98.500000 0.996506
99.000000 1.002504
99.500000 1.006771
100.000000 1.013734
100.500000 1.018063
101.000000 1.024162
101.500000 1.025891
102.000000 1.031979
102.500000 1.036682
103.000000 1.042951
103.500000 1.043058
104.000000 1.043979
104.500000 1.046140
105.000000 1.055264
105.500000 1.052501
106.000000 1.054883
106.500000 1.052435
107.000000 1.059959
107.500000 1.058062
108.000000 1.060630
108.500000 1.060005
109.000000 1.060705
109.500000 1.062225
110.000000 1.057460
110.500000 1.056799
111.000000 1.057721
111.500000 1.055691
112.000000 1.056380
112.500000 1.056417
113.000000 1.050680
113.500000 1.045151
114.000000 1.047142
114.500000 1.043708
115.000000 1.039128
115.500000 1.036320
116.000000 1.033298
116.500000 1.033076
117.000000 1.029464
117.500000 1.025641
118.000000 1.022158
118.500000 1.018272
119.000000 1.016954
119.500000 1.012738
120.000000 1.006186
120.500000 1.002954
121.000000 0.999532
121.500000 0.998260
122.000000 0.993822
122.500000 0.992688
123.000000 0.987686
123.500000 0.982130
124.000000 0.982437
124.500000 0.976338
