0.000000 -nan
0.500000 0.000000
1.000000 0.007616
1.500000 0.020309
2.000000 0.049503
2.500000 0.153534
3.000000 0.444255
3.500000 0.966118
4.000000 1.992959
4.500000 3.492737
5.000000 5.514142
5.500000 7.403814
6.000000 9.200518
6.500000 10.111256
7.000000 10.408309
7.500000 10.176331
8.000000 9.568536
8.500000 8.616234
9.000000 7.772721
9.500000 6.940713
10.000000 6.190197
10.500000 5.628575
11.000000 5.071303
11.500000 4.639504
12.000000 4.312657
12.500000 3.975617
13.000000 3.723134
13.500000 3.457635
14.000000 3.237452
14.500000 2.993869
15.000000 2.757020
15.500000 2.562712
16.000000 2.362087
16.500000 2.206721
17.000000 2.039295
17.500000 1.879343
18.000000 1.758380
18.500000 1.630014
19.000000 1.535037
19.500000 1.423638
20.000000 1.334097
20.500000 1.261713
21.000000 1.182141
21.500000 1.112425
22.000000 1.051499
22.500000 1.002773
23.000000 0.952867
23.500000 0.905732
24.000000 0.865200
24.500000 0.825906
25.000000 0.795772
25.500000 0.760772
26.000000 0.737989
26.500000 0.713060
27.000000 0.691115
27.500000 0.675739
28.000000 0.659524
28.500000 0.643187
29.000000 0.632075
29.500000 0.622916
30.000000 0.615729
30.500000 0.605514
31.000000 0.602464
31.500000 0.596277
32.000000 0.590403
32.500000 0.595990
33.000000 0.590633
33.500000 0.594884
34.000000 0.597708
34.500000 0.601419
35.000000 0.599715
35.500000 0.605366
36.000000 0.612049
36.500000 0.620914
37.000000 0.625552
37.500000 0.633851
38.000000 0.640381
38.500000 0.647927
39.000000 0.657988
39.500000 0.668501
40.000000 0.678596
40.500000 0.688684
41.000000 0.696889
41.500000 0.710382
42.000000 0.723898
42.500000 0.734325
43.000000 0.746834
43.500000 0.757503
44.000000 0.773082
44.500000 0.784878
45.000000 0.795375
45.500000 0.810403
46.000000 0.824219
46.500000 0.839694
47.000000 0.850832
47.500000 0.862545
48.000000 0.875400
48.500000 0.887010
49.000000 0.900964
49.500000 0.912587
50.000000 0.925499
50.500000 0.937965
51.000000 0.951515
51.500000 0.955133
52.000000 0.971234
52.500000 0.983418
53.000000 0.993703
53.500000 1.003234
54.000000 1.012481
54.500000 1.016572
55.000000 1.023848
55.500000 1.035469
56.000000 1.040523
56.500000 1.045945
57.000000 1.051423
57.500000 1.058866
58.000000 1.063472
58.500000 1.067382
59.000000 1.074965
59.500000 1.080562
60.000000 1.079808
60.500000 1.085364
61.000000 1.087219
61.500000 1.086432
62.000000 1.089899
62.500000 1.090686
63.000000 1.092580
63.500000 1.093249
64.000000 1.091608
64.500000 1.090561
65.000000 1.086532
65.500000 1.089313
66.000000 1.087361
66.500000 1.086786
67.000000 1.080924
67.500000 1.077523
68.000000 1.073655
68.500000 1.065166
69.000000 1.069030
69.500000 1.062666
70.000000 1.058686
70.500000 1.055507
71.000000 1.050832
71.500000 1.048691
72.000000 1.044424
72.500000 1.036982
73.000000 1.036064
73.500000 1.028394
74.000000 1.025265
74.500000 1.020837
75.000000 1.018861
75.500000 1.016994
76.000000 1.010914
76.500000 1.006260
77.000000 1.004393
77.500000 1.000018
78.000000 0.998303
78.500000 0.998212
79.000000 0.994568
79.500000 0.991828
80.000000 0.988438
80.500000 0.986711
81.000000 0.985782
81.500000 0.985457
82.000000 0.983434
82.500000 0.981184
83.000000 0.983393
83.500000 0.981634
84.000000 0.980285
84.500000 0.981273
85.000000 0.979834
85.500000 0.979217
86.000000 0.982184
86.500000 0.979540
87.000000 0.979416
87.500000 0.980291
88.000000 0.980126
88.500000 0.981693
89.000000 0.983865
89.500000 0.981644
90.000000 0.984167
90.500000 0.985601
91.000000 0.986741
91.500000 0.987363
92.000000 0.988330
92.500000 0.987684
93.000000 0.990684
93.500000 0.991139
94.000000 0.993169
94.500000 0.993597
95.000000 0.994015
95.500000 0.995699
96.000000 0.998700
96.500000 0.998871
97.000000 1.000324
97.500000 1.002279
98.000000 1.003118
98.500000 1.003603
99.000000 1.006355
99.500000 1.004103
100.000000 1.006419
100.500000 1.007598
101.000000 1.008357
101.500000 1.010079
102.000000 1.011507
102.500000 1.011972
103.000000 1.009790
103.500000 1.012829
104.000000 1.012128
104.500000 1.013415
105.000000 1.011723
105.500000 1.013655
106.000000 1.014411
106.500000 1.015508
107.000000 1.014142
107.500000 1.013805
108.000000 1.015703
108.500000 1.016910
109.000000 1.015561
109.500000 1.016808
110.000000 1.016456
110.500000 1.016018
111.000000 1.015442
111.500000 1.014864
112.000000 1.016383
112.500000 1.014737
113.000000 1.015432
113.500000 1.015017
114.000000 1.015344
114.500000 1.014610
115.000000 1.017135
115.500000 1.014998
116.000000 1.014279
116.500000 1.014895
117.000000 1.013978
117.500000 1.013021
118.000000 1.012134
118.500000 1.013379
119.000000 1.011691
119.500000 1.010877
120.000000 1.010489
120.500000 1.010104
121.000000 1.009335
121.500000 1.007173
122.000000 1.006652
122.500000 1.006547
123.000000 1.004515
123.500000 1.003114
124.000000 1.001596
124.500000 1.001521
