0.000000 -nan
0.500000 0.000000
1.000000 0.000000
1.500000 0.022001
2.000000 0.053311
2.500000 0.160236
3.000000 0.407445
3.500000 0.940940
4.000000 1.894430
4.500000 3.370320
5.000000 5.198696
5.500000 7.151297
6.000000 8.799208
6.500000 9.704780
7.000000 9.984777
7.500000 9.755532
8.000000 9.147644
8.500000 8.319034
9.000000 7.490889
9.500000 6.739665
10.000000 5.998545
10.500000 5.408702
11.000000 4.907375
11.500000 4.525339
12.000000 4.168988
12.500000 3.875015
13.000000 3.620456
13.500000 3.373579
14.000000 3.135047
14.500000 2.899400
15.000000 2.696314
15.500000 2.505701
16.000000 2.309952
16.500000 2.135556
17.000000 1.978645
17.500000 1.827990
18.000000 1.695878
18.500000 1.588581
19.000000 1.479954
19.500000 1.376932
20.000000 1.293182
20.500000 1.213417
21.000000 1.143276
21.500000 1.077110
22.000000 1.018692
22.500000 0.964555
23.000000 0.918611
23.500000 0.872552
24.000000 0.837824
24.500000 0.800950
25.000000 0.769427
25.500000 0.741212
26.000000 0.715941
26.500000 0.697026
27.000000 0.672922
27.500000 0.658393
28.000000 0.642826
28.500000 0.631251
29.000000 0.618392
29.500000 0.610577
30.000000 0.600688
30.500000 0.597823
31.000000 0.591762
31.500000 0.586637
32.000000 0.583334
32.500000 0.582723
33.000000 0.586144
33.500000 0.587921
34.000000 0.587671
34.500000 0.592042
35.000000 0.598275
35.500000 0.603115
36.000000 0.607865
36.500000 0.618979
37.000000 0.625413
37.500000 0.635923
38.000000 0.642910
38.500000 0.652629
39.000000 0.662662
39.500000 0.675481
40.000000 0.685081
40.500000 0.694887
41.000000 0.707873
41.500000 0.722171
42.000000 0.731956
42.500000 0.748467
43.000000 0.762064
43.500000 0.772467
44.000000 0.785849
44.500000 0.800656
45.000000 0.812685
45.500000 0.828561
46.000000 0.840453
46.500000 0.854251
47.000000 0.867673
47.500000 0.879473
48.000000 0.894446
48.500000 0.903216
49.000000 0.915031
49.500000 0.929996
50.000000 0.944304
50.500000 0.950817
51.000000 0.964067
51.500000 0.974374
52.000000 0.987081
52.500000 0.994473
53.000000 1.001255
53.500000 1.010906
54.000000 1.016706
54.500000 1.025281
55.000000 1.030187
55.500000 1.036635
56.000000 1.042874
56.500000 1.048290
57.000000 1.054325
57.500000 1.059585
58.000000 1.063204
58.500000 1.065826
59.000000 1.068287
59.500000 1.071887
60.000000 1.073598
60.500000 1.076696
61.000000 1.078036
61.500000 1.079817
62.000000 1.080070
62.500000 1.077442
63.000000 1.079837
63.500000 1.078451
64.000000 1.078488
64.500000 1.075323
65.000000 1.076656
65.500000 1.075131
66.000000 1.073782
66.500000 1.072310
67.000000 1.069494
67.500000 1.065996
68.000000 1.063039
68.500000 1.060797
69.000000 1.059891
69.500000 1.056105
70.000000 1.052970
70.500000 1.050582
71.000000 1.047165
71.500000 1.044324
72.000000 1.040769
72.500000 1.038036
73.000000 1.034798
73.500000 1.031609
74.000000 1.028958
74.500000 1.024898
75.000000 1.021897
75.500000 1.019773
76.000000 1.016625
76.500000 1.013517
77.000000 1.011880
77.500000 1.009288
78.000000 1.006346
78.500000 1.004512
79.000000 1.002218
79.500000 0.999813
80.000000 0.997461
80.500000 0.996466
81.000000 0.994616
81.500000 0.993072
82.000000 0.990898
82.500000 0.991680
83.000000 0.990798
83.500000 0.989082
84.000000 0.987568
84.500000 0.986405
85.000000 0.987777
85.500000 0.985439
86.000000 0.986309
86.500000 0.984597
87.000000 0.985744
87.500000 0.986523
88.000000 0.985561
88.500000 0.987291
89.000000 0.987567
89.500000 0.988447
90.000000 0.988416
90.500000 0.988390
91.000000 0.990509
91.500000 0.989815
92.000000 0.991765
92.500000 0.991181
93.000000 0.992971
93.500000 0.993731
94.000000 0.994068
94.500000 0.994460
95.000000 0.994946
95.500000 0.996251
96.000000 0.996827
96.500000 0.997150
97.000000 0.997165
97.500000 0.998771
98.000000 0.998920
98.500000 0.999192
99.000000 1.000291
99.500000 1.001573
100.000000 1.001232
100.500000 1.002953
101.000000 1.003989
101.500000 1.004992
102.000000 1.004442
102.500000 1.005818
103.000000 1.006051
103.500000 1.007771
104.000000 1.007527
104.500000 1.008485
105.000000 1.010011
105.500000 1.009661
106.000000 1.010116
106.500000 1.012329
107.000000 1.012281
107.500000 1.012477
108.000000 1.012401
108.500000 1.014200
109.000000 1.013829
109.500000 1.014817
110.000000 1.015062
110.500000 1.014805
111.000000 1.016008
111.500000 1.015738
112.000000 1.015382
112.500000 1.014767
113.000000 1.015943
113.500000 1.015865
114.000000 1.013670
114.500000 1.014923
115.000000 1.014467
115.500000 1.013456
116.000000 1.012629
116.500000 1.012441
117.000000 1.011099
117.500000 1.010448
118.000000 1.010028
118.500000 1.008892
119.000000 1.006121
119.500000 1.007789
120.000000 1.005066
120.500000 1.004949
121.000000 1.003764
121.500000 1.003672
122.000000 1.001466
122.500000 1.001186
123.000000 1.000958
123.500000 1.000265
124.000000 0.999365
124.500000 0.997861
