0.000000 -nan
0.500000 0.000000
1.000000 0.007616
1.500000 0.027078
2.000000 0.041887
2.500000 0.171812
3.000000 0.444255
3.500000 1.022693
4.000000 1.972492
4.500000 3.490104
5.000000 5.444686
5.500000 7.471286
6.000000 9.143188
6.500000 10.128020
7.000000 10.336969
7.500000 10.109582
8.000000 9.397300
8.500000 8.643114
9.000000 7.730035
9.500000 6.926621
10.000000 6.152118
10.500000 5.546304
11.000000 5.056386
11.500000 4.640540
12.000000 4.259664
12.500000 3.964943
13.000000 3.703170
13.500000 3.437995
14.000000 3.202598
14.500000 2.966811
15.000000 2.741586
15.500000 2.539508
16.000000 2.347629
16.500000 2.187224
17.000000 2.003851
17.500000 1.841046
18.000000 1.723098
18.500000 1.600063
19.000000 1.499025
19.500000 1.394517
20.000000 1.299712
20.500000 1.223729
21.000000 1.147792
21.500000 1.066113
22.000000 1.021414
22.500000 0.962847
23.000000 0.915105
23.500000 0.875917
24.000000 0.831444
24.500000 0.792005
25.000000 0.761421
25.500000 0.738015
26.000000 0.712956
26.500000 0.687802
27.000000 0.665635
27.500000 0.650523
28.000000 0.639465
28.500000 0.623909
29.000000 0.614127
29.500000 0.600635
30.000000 0.600827
30.500000 0.593529
31.000000 0.590189
31.500000 0.591496
32.000000 0.589719
32.500000 0.587215
33.000000 0.587200
33.500000 0.594911
34.000000 0.593387
34.500000 0.599704
35.000000 0.604284
35.500000 0.608013
36.000000 0.615064
36.500000 0.625321
37.000000 0.633975
37.500000 0.642056
38.000000 0.648334
38.500000 0.662380
39.000000 0.670836
39.500000 0.682876
40.000000 0.692029
40.500000 0.701280
41.000000 0.717412
41.500000 0.730020
42.000000 0.741219
42.500000 0.754585
43.000000 0.768397
43.500000 0.781627
44.000000 0.794576
44.500000 0.809699
45.000000 0.824571
45.500000 0.833649
46.000000 0.848330
46.500000 0.860669
47.000000 0.872938
47.500000 0.884739
48.000000 0.899051
48.500000 0.906229
49.000000 0.921623
49.500000 0.931218
50.000000 0.942080
50.500000 0.949857
51.000000 0.961658
51.500000 0.971620
52.000000 0.979052
52.500000 0.989033
53.000000 0.997710
53.500000 1.005514
54.000000 1.014873
54.500000 1.019772
55.000000 1.028397
55.500000 1.032955
56.000000 1.040465
56.500000 1.044354
57.000000 1.048870
57.500000 1.052428
58.000000 1.057887
58.500000 1.059447
59.000000 1.064074
59.500000 1.067171
60.000000 1.068211
60.500000 1.070398
61.000000 1.071619
61.500000 1.070340
62.000000 1.072768
62.500000 1.072671
63.000000 1.069251
63.500000 1.071168
64.000000 1.072465
64.500000 1.070025
65.000000 1.068303
65.500000 1.064662
66.000000 1.065187
66.500000 1.066229
67.000000 1.062378
67.500000 1.060320
68.000000 1.056644
68.500000 1.055125
69.000000 1.050276
69.500000 1.050355
70.000000 1.046190
70.500000 1.046292
71.000000 1.039982
71.500000 1.039485
72.000000 1.035975
72.500000 1.032690
73.000000 1.032710
73.500000 1.029496
74.000000 1.027697
74.500000 1.025396
75.000000 1.022847
75.500000 1.020135
76.000000 1.017516
76.500000 1.015817
77.000000 1.012798
77.500000 1.011785
78.000000 1.011170
78.500000 1.006733
79.000000 1.007653
79.500000 1.006819
80.000000 1.001507
80.500000 1.003407
81.000000 1.001769
81.500000 0.998932
82.000000 0.998849
82.500000 0.996591
83.000000 0.997186
83.500000 0.996063
84.000000 0.991986
84.500000 0.993199
85.000000 0.992073
85.500000 0.993387
86.000000 0.988219
86.500000 0.990776
87.000000 0.989480
87.500000 0.989753
88.000000 0.987249
88.500000 0.985872
89.000000 0.985915
89.500000 0.983394
90.000000 0.985181
90.500000 0.986848
91.000000 0.983979
91.500000 0.985177
92.000000 0.986161
92.500000 0.986915
93.000000 0.986422
93.500000 0.988972
94.000000 0.991044
94.500000 0.989253
95.000000 0.988377
95.500000 0.992112
96.000000 0.992235
96.500000 0.992158
97.000000 0.993674
97.500000 0.992525
98.000000 0.996564
98.500000 0.996152
99.000000 1.000806
99.500000 1.000998
100.000000 1.001676
100.500000 1.003960
101.000000 1.003640
101.500000 1.007677
102.000000 1.007795
102.500000 1.008773
103.000000 1.008682
103.500000 1.011159
104.000000 1.012061
104.500000 1.012547
105.000000 1.015407
105.500000 1.014590
106.000000 1.014727
106.500000 1.016928
107.000000 1.018253
107.500000 1.018389
108.000000 1.017733
108.500000 1.017953
109.000000 1.019019
109.500000 1.019060
110.000000 1.019343
110.500000 1.019547
111.000000 1.018876
111.500000 1.018050
112.000000 1.015188
112.500000 1.017655
113.000000 1.016502
113.500000 1.017166
114.000000 1.015324
114.500000 1.014135
115.000000 1.014703
115.500000 1.014092
116.000000 1.015016
116.500000 1.011375
117.000000 1.011175
117.500000 1.010030
118.000000 1.011289
118.500000 1.010448
119.000000 1.008556
119.500000 1.008182
120.000000 1.008511
120.500000 1.007449
121.000000 1.004448
121.500000 1.004222
122.000000 1.005213
122.500000 1.004027
123.000000 1.002786
123.500000 1.001236
124.000000 1.001741
124.500000 1.001609
