# q  S_avg  S_stderr  n_modes
1.499999999999999944e-02 9.720000000000000000e+03 0.000000000000000000e+00 1.000000000000000000e+00
3.500000000000000333e-02 6.997675599999999552e-01 2.466085600000000044e-01 2.000000000000000000e+00
4.499999999999999833e-02 9.031907777777777868e-01 0.000000000000000000e+00 1.000000000000000000e+00
5.500000000000000722e-02 1.485522166666666699e+00 0.000000000000000000e+00 1.000000000000000000e+00
7.499999999999999722e-02 1.207838063333333345e+01 5.912809366666664346e+00 2.000000000000000000e+00
9.500000000000000111e-02 1.699573472222222392e+01 1.060480277777777536e+00 2.000000000000000000e+00
1.049999999999999961e-01 1.069127114285714164e+01 0.000000000000000000e+00 1.000000000000000000e+00
1.250000000000000000e-01 1.181276678571428462e+01 3.068838452380952209e+00 2.000000000000000000e+00
1.350000000000000089e-01 6.535090363636363975e+00 0.000000000000000000e+00 1.000000000000000000e+00
1.450000000000000178e-01 5.213223816326529203e+00 0.000000000000000000e+00 1.000000000000000000e+00
1.550000000000000266e-01 3.217448791666666974e+00 0.000000000000000000e+00 1.000000000000000000e+00
1.650000000000000078e-01 2.181380592592592649e+00 0.000000000000000000e+00 1.000000000000000000e+00
1.750000000000000167e-01 1.803066929824561182e+00 0.000000000000000000e+00 1.000000000000000000e+00
1.849999999999999978e-01 1.412800513157894677e+00 0.000000000000000000e+00 1.000000000000000000e+00
1.950000000000000067e-01 1.205076822222222344e+00 0.000000000000000000e+00 1.000000000000000000e+00
2.050000000000000155e-01 1.213383412698412878e+00 0.000000000000000000e+00 1.000000000000000000e+00
2.150000000000000244e-01 8.978748532110092384e-01 0.000000000000000000e+00 1.000000000000000000e+00
2.250000000000000056e-01 7.935947948717947398e-01 0.000000000000000000e+00 1.000000000000000000e+00
2.350000000000000144e-01 7.575071111111110200e-01 0.000000000000000000e+00 1.000000000000000000e+00
2.449999999999999956e-01 6.223576764705882614e-01 0.000000000000000000e+00 1.000000000000000000e+00
2.550000000000000044e-01 5.974150689655173263e-01 0.000000000000000000e+00 1.000000000000000000e+00
2.650000000000000133e-01 4.828461111111110871e-01 0.000000000000000000e+00 1.000000000000000000e+00
2.750000000000000222e-01 4.655991472868217240e-01 0.000000000000000000e+00 1.000000000000000000e+00
2.850000000000000311e-01 4.579098692810458227e-01 0.000000000000000000e+00 1.000000000000000000e+00
2.950000000000000400e-01 4.068825393258427292e-01 0.000000000000000000e+00 1.000000000000000000e+00
3.049999999999999933e-01 3.743642931034482646e-01 0.000000000000000000e+00 1.000000000000000000e+00
3.150000000000000022e-01 3.740598359788360194e-01 0.000000000000000000e+00 1.000000000000000000e+00
3.250000000000000111e-01 3.791589170984456247e-01 0.000000000000000000e+00 1.000000000000000000e+00
3.350000000000000200e-01 3.563642303921568666e-01 0.000000000000000000e+00 1.000000000000000000e+00
3.450000000000000289e-01 3.742897489177489656e-01 0.000000000000000000e+00 1.000000000000000000e+00
3.550000000000000377e-01 3.650696880341879336e-01 0.000000000000000000e+00 1.000000000000000000e+00
3.649999999999999911e-01 3.775864495798319509e-01 0.000000000000000000e+00 1.000000000000000000e+00
3.750000000000000000e-01 3.769728877551020152e-01 0.000000000000000000e+00 1.000000000000000000e+00
3.850000000000000089e-01 3.902006395348837087e-01 0.000000000000000000e+00 1.000000000000000000e+00
3.950000000000000178e-01 4.005853931297709836e-01 0.000000000000000000e+00 1.000000000000000000e+00
4.050000000000000266e-01 4.239018179012344900e-01 0.000000000000000000e+00 1.000000000000000000e+00
4.150000000000000355e-01 4.270920432098765929e-01 0.000000000000000000e+00 1.000000000000000000e+00
4.250000000000000444e-01 4.420522283950616971e-01 0.000000000000000000e+00 1.000000000000000000e+00
4.349999999999999978e-01 4.563497897727272212e-01 0.000000000000000000e+00 1.000000000000000000e+00
4.450000000000000067e-01 4.809531498708010666e-01 0.000000000000000000e+00 1.000000000000000000e+00
4.550000000000000155e-01 5.064212713864306714e-01 0.000000000000000000e+00 1.000000000000000000e+00
4.650000000000000244e-01 5.216777222222223065e-01 0.000000000000000000e+00 1.000000000000000000e+00
4.750000000000000333e-01 5.349869128440367660e-01 0.000000000000000000e+00 1.000000000000000000e+00
4.849999999999999867e-01 5.627750258215962198e-01 0.000000000000000000e+00 1.000000000000000000e+00
4.949999999999999956e-01 5.958578299319728933e-01 0.000000000000000000e+00 1.000000000000000000e+00
5.050000000000000044e-01 6.036956674364896136e-01 0.000000000000000000e+00 1.000000000000000000e+00
5.150000000000000133e-01 6.317212994011975891e-01 0.000000000000000000e+00 1.000000000000000000e+00
5.250000000000000222e-01 6.585227572016461028e-01 0.000000000000000000e+00 1.000000000000000000e+00
5.350000000000000311e-01 6.897187428571428525e-01 0.000000000000000000e+00 1.000000000000000000e+00
5.450000000000000400e-01 7.076687330960853561e-01 0.000000000000000000e+00 1.000000000000000000e+00
5.550000000000000488e-01 7.345258918918918800e-01 0.000000000000000000e+00 1.000000000000000000e+00
5.650000000000000577e-01 7.473379771929825610e-01 0.000000000000000000e+00 1.000000000000000000e+00
5.750000000000000666e-01 7.813867055837564468e-01 0.000000000000000000e+00 1.000000000000000000e+00
5.849999999999999645e-01 7.972520802047781130e-01 0.000000000000000000e+00 1.000000000000000000e+00
5.949999999999999734e-01 8.194115439393940825e-01 0.000000000000000000e+00 1.000000000000000000e+00
6.049999999999999822e-01 8.470686894977169645e-01 0.000000000000000000e+00 1.000000000000000000e+00
6.149999999999999911e-01 8.767607510668564696e-01 0.000000000000000000e+00 1.000000000000000000e+00
6.250000000000000000e-01 8.888980848765433151e-01 0.000000000000000000e+00 1.000000000000000000e+00
6.350000000000000089e-01 9.179592118518519195e-01 0.000000000000000000e+00 1.000000000000000000e+00
6.450000000000000178e-01 9.396694913112164649e-01 0.000000000000000000e+00 1.000000000000000000e+00
6.550000000000000266e-01 9.492408487140696627e-01 0.000000000000000000e+00 1.000000000000000000e+00
6.650000000000000355e-01 9.751117433333333917e-01 0.000000000000000000e+00 1.000000000000000000e+00
6.750000000000000444e-01 1.003673396747967406e+00 0.000000000000000000e+00 1.000000000000000000e+00
6.850000000000000533e-01 1.012837306049822139e+00 0.000000000000000000e+00 1.000000000000000000e+00
6.950000000000000622e-01 1.011453750445632904e+00 0.000000000000000000e+00 1.000000000000000000e+00
7.050000000000000711e-01 1.033937851851851830e+00 0.000000000000000000e+00 1.000000000000000000e+00
7.150000000000000799e-01 1.040325575757575782e+00 0.000000000000000000e+00 1.000000000000000000e+00
7.249999999999999778e-01 1.039896280464216671e+00 0.000000000000000000e+00 1.000000000000000000e+00
7.349999999999999867e-01 1.044634393518518500e+00 0.000000000000000000e+00 1.000000000000000000e+00
7.449999999999999956e-01 1.058178672690763156e+00 0.000000000000000000e+00 1.000000000000000000e+00
7.550000000000000044e-01 1.059882151515151305e+00 0.000000000000000000e+00 1.000000000000000000e+00
7.650000000000000133e-01 1.065148382775119584e+00 0.000000000000000000e+00 1.000000000000000000e+00
7.750000000000000222e-01 1.044561594104308266e+00 0.000000000000000000e+00 1.000000000000000000e+00
7.850000000000000311e-01 1.058591380577427854e+00 0.000000000000000000e+00 1.000000000000000000e+00
7.950000000000000400e-01 1.068062618497109817e+00 0.000000000000000000e+00 1.000000000000000000e+00
8.050000000000000488e-01 1.090756526785714442e+00 0.000000000000000000e+00 1.000000000000000000e+00
8.150000000000000577e-01 1.094941737463126730e+00 0.000000000000000000e+00 1.000000000000000000e+00
8.250000000000000666e-01 1.089335897435897316e+00 0.000000000000000000e+00 1.000000000000000000e+00
8.350000000000000755e-01 1.062568772388059690e+00 0.000000000000000000e+00 1.000000000000000000e+00
8.449999999999999734e-01 1.060076758333333258e+00 0.000000000000000000e+00 1.000000000000000000e+00
8.549999999999999822e-01 1.100433912037036999e+00 0.000000000000000000e+00 1.000000000000000000e+00
8.649999999999999911e-01 1.080854655367231798e+00 0.000000000000000000e+00 1.000000000000000000e+00
8.750000000000000000e-01 1.094487690647481859e+00 0.000000000000000000e+00 1.000000000000000000e+00
8.850000000000000089e-01 1.093788706666666499e+00 0.000000000000000000e+00 1.000000000000000000e+00
8.950000000000000178e-01 1.085551798245613986e+00 0.000000000000000000e+00 1.000000000000000000e+00
9.050000000000000266e-01 1.085230120879120852e+00 0.000000000000000000e+00 1.000000000000000000e+00
9.150000000000000355e-01 1.079472098765432042e+00 0.000000000000000000e+00 1.000000000000000000e+00
9.250000000000000444e-01 1.110095444444444412e+00 0.000000000000000000e+00 1.000000000000000000e+00
9.350000000000000533e-01 1.118201878787878911e+00 0.000000000000000000e+00 1.000000000000000000e+00
9.450000000000000622e-01 1.032507309090908931e+00 0.000000000000000000e+00 1.000000000000000000e+00
9.550000000000000711e-01 1.091052088888888827e+00 0.000000000000000000e+00 1.000000000000000000e+00
9.650000000000000799e-01 1.060464633333333184e+00 0.000000000000000000e+00 1.000000000000000000e+00
9.749999999999999778e-01 1.183468636363636195e+00 0.000000000000000000e+00 1.000000000000000000e+00
9.849999999999999867e-01 1.094336380952380949e+00 0.000000000000000000e+00 1.000000000000000000e+00
9.949999999999999956e-01 1.028855666666666835e+00 0.000000000000000000e+00 1.000000000000000000e+00
1.004999999999999893e+00 1.044416066666666643e+00 0.000000000000000000e+00 1.000000000000000000e+00
1.015000000000000124e+00 1.008557399999999937e+00 0.000000000000000000e+00 1.000000000000000000e+00
1.024999999999999911e+00 1.027929499999999940e+00 0.000000000000000000e+00 1.000000000000000000e+00
1.044999999999999929e+00 1.256393333333333251e+00 0.000000000000000000e+00 1.000000000000000000e+00
1.055000000000000160e+00 8.999709999999999654e-01 0.000000000000000000e+00 1.000000000000000000e+00
