# q  S_avg  S_stderr  n_modes
5.000000000000000104e-04 4.050000000000000000e+03 0.000000000000000000e+00 1.330000000000000000e+02
2.050000000000000086e-02 5.712330000000000185e-02 3.156499999999999150e-03 2.000000000000000000e+00
2.949999999999999845e-02 8.894256666666666700e-02 9.104860365089506580e-03 3.000000000000000000e+00
3.650000000000000466e-02 9.045649999999999524e-02 0.000000000000000000e+00 1.000000000000000000e+00
4.150000000000000216e-02 1.721133333333333404e-01 3.589016025938648186e-02 3.000000000000000000e+00
4.649999999999999967e-02 2.491786666666666594e-01 3.677522689679985080e-02 6.000000000000000000e+00
5.150000000000000411e-02 4.737736666666665930e-01 1.398857238669399539e-01 3.000000000000000000e+00
5.949999999999999734e-02 8.516526666666667245e-01 2.862922691268099396e-01 3.000000000000000000e+00
6.250000000000000000e-02 1.333679000000000059e+00 1.951241843852268565e-01 6.000000000000000000e+00
6.650000000000000355e-02 1.263115166666666900e+00 2.333335544946213702e-01 6.000000000000000000e+00
6.950000000000000622e-02 1.672613333333333285e+00 1.224327878651974844e-01 3.000000000000000000e+00
7.250000000000000888e-02 3.220749999999999780e+00 0.000000000000000000e+00 1.000000000000000000e+00
7.549999999999999767e-02 3.120063333333333855e+00 5.603750332569945591e-01 6.000000000000000000e+00
7.850000000000000033e-02 3.006848333333333567e+00 4.424111883260991585e-01 6.000000000000000000e+00
8.350000000000000477e-02 6.615846666666666209e+00 3.694649662170661042e+00 3.000000000000000000e+00
8.650000000000000744e-02 3.646821111111111069e+00 6.514658970532968274e-01 9.000000000000000000e+00
8.849999999999999534e-02 2.865384999999999849e+00 5.644135082233593392e-01 6.000000000000000000e+00
9.149999999999999800e-02 2.604383333333333272e+00 9.941317820143924511e-01 3.000000000000000000e+00
9.349999999999999978e-02 2.689894999999999925e+00 5.236032242945670712e-01 6.000000000000000000e+00
9.550000000000000155e-02 2.884968333333333579e+00 3.925109939132633285e-01 6.000000000000000000e+00
9.850000000000000422e-02 5.225026666666666486e+00 1.441499346332761000e+00 3.000000000000000000e+00
1.025000000000000078e-01 3.587776666666666614e+00 1.197704301213135203e+00 3.000000000000000000e+00
1.045000000000000095e-01 2.636624444444444659e+00 2.133150123390229747e-01 9.000000000000000000e+00
1.064999999999999974e-01 2.457035833333333752e+00 2.559848357146297104e-01 1.200000000000000000e+01
1.084999999999999992e-01 2.144980000000000331e+00 4.119386233206754344e-01 4.000000000000000000e+00
1.125000000000000028e-01 2.201230833333333248e+00 2.642765565866569966e-01 1.200000000000000000e+01
1.145000000000000046e-01 2.449833333333333307e+00 3.811662369593847299e-01 6.000000000000000000e+00
1.185000000000000081e-01 1.493653333333333499e+00 4.704602765495841665e-01 3.000000000000000000e+00
1.204999999999999960e-01 1.633610000000000007e+00 1.790958039523354028e-01 6.000000000000000000e+00
1.224999999999999978e-01 1.868814444444444556e+00 1.210528780362705586e-01 9.000000000000000000e+00
1.234999999999999987e-01 1.646648333333333269e+00 3.500648284381687181e-01 6.000000000000000000e+00
1.255000000000000004e-01 1.377458333333333229e+00 2.156298760556565053e-01 6.000000000000000000e+00
1.275000000000000022e-01 2.157141666666666513e+00 2.231697749908003459e-01 6.000000000000000000e+00
1.295000000000000040e-01 1.367608222222222336e+00 1.467770266759317044e-01 9.000000000000000000e+00
1.325000000000000067e-01 1.565087666666666655e+00 1.753942835939770739e-01 6.000000000000000000e+00
1.345000000000000084e-01 1.451785333333333261e+00 1.092892337609862180e-01 1.500000000000000000e+01
1.355000000000000093e-01 1.147795000000000121e+00 5.837120869915234794e-02 6.000000000000000000e+00
1.375000000000000111e-01 1.308862666666666730e+00 1.755726956764949720e-01 3.000000000000000000e+00
1.385000000000000120e-01 1.210268333333333279e+00 2.418582604945393733e-01 3.000000000000000000e+00
1.405000000000000138e-01 1.318150083333333278e+00 8.329886121947581434e-02 1.200000000000000000e+01
1.425000000000000155e-01 1.197275833333333317e+00 1.271001937476668175e-01 6.000000000000000000e+00
1.454999999999999905e-01 1.551039999999999974e+00 0.000000000000000000e+00 1.000000000000000000e+00
1.464999999999999913e-01 1.324545222222222263e+00 1.191032771502878035e-01 9.000000000000000000e+00
1.484999999999999931e-01 1.138882066666666804e+00 7.451262032891228793e-02 1.500000000000000000e+01
1.494999999999999940e-01 1.174026500000000084e+00 8.025559110066204926e-02 6.000000000000000000e+00
1.514999999999999958e-01 1.156755166666666446e+00 1.034922828654119831e-01 6.000000000000000000e+00
1.524999999999999967e-01 1.392167833333333382e+00 1.396061708643517307e-01 1.200000000000000000e+01
1.534999999999999976e-01 1.194495500000000154e+00 8.465299554093186352e-02 1.200000000000000000e+01
1.565000000000000002e-01 1.085851166666666812e+00 9.789504822492869907e-02 6.000000000000000000e+00
1.585000000000000020e-01 1.151267333333333420e+00 6.773898495778568618e-02 6.000000000000000000e+00
1.595000000000000029e-01 1.184058333333333435e+00 5.335582295099360745e-02 6.000000000000000000e+00
1.605000000000000038e-01 1.019361888888888679e+00 1.008896955607740953e-01 9.000000000000000000e+00
1.635000000000000064e-01 1.122149333333333443e+00 7.239461778120573343e-02 1.200000000000000000e+01
1.645000000000000073e-01 1.082145583333333549e+00 5.664453529574216967e-02 1.200000000000000000e+01
1.675000000000000100e-01 1.061492000000000102e+00 1.765939825503689276e-01 3.000000000000000000e+00
1.685000000000000109e-01 1.104859999999999953e+00 3.872371660113772124e-02 1.800000000000000000e+01
1.705000000000000127e-01 1.086470416666666772e+00 6.241413800531366712e-02 1.200000000000000000e+01
1.715000000000000135e-01 9.773346666666666849e-01 1.558094636677902212e-01 3.000000000000000000e+00
1.725000000000000144e-01 1.065797555555555665e+00 6.774762896509348153e-02 9.000000000000000000e+00
1.735000000000000153e-01 1.047357249999999906e+00 7.054537087116616312e-02 1.200000000000000000e+01
1.754999999999999893e-01 9.432676666666667264e-01 6.113874629271069672e-02 6.000000000000000000e+00
1.774999999999999911e-01 1.004629333333333374e+00 8.989537631182399624e-02 6.000000000000000000e+00
1.784999999999999920e-01 1.041263222222222451e+00 5.864716923517607206e-02 9.000000000000000000e+00
1.804999999999999938e-01 9.314945555555556034e-01 3.079805973487331761e-02 1.800000000000000000e+01
1.814999999999999947e-01 8.923034285714287472e-01 4.466199276036090376e-02 7.000000000000000000e+00
1.824999999999999956e-01 1.036056666666666848e+00 1.543256756260747431e-01 3.000000000000000000e+00
1.834999999999999964e-01 9.936886666666667756e-01 6.082853742722533347e-02 1.200000000000000000e+01
1.844999999999999973e-01 9.751560000000000228e-01 7.088829410041312673e-02 6.000000000000000000e+00
1.875000000000000000e-01 9.002471666666668204e-01 6.908341576018406371e-02 6.000000000000000000e+00
1.885000000000000009e-01 1.039327866666666544e+00 6.143440448810629645e-02 1.500000000000000000e+01
1.895000000000000018e-01 8.950183333333332492e-01 4.153861265169766365e-02 9.000000000000000000e+00
1.905000000000000027e-01 1.025424444444444472e+00 5.096421409460628188e-02 9.000000000000000000e+00
1.915000000000000036e-01 1.084445333333333261e+00 4.180985012702682219e-02 6.000000000000000000e+00
1.935000000000000053e-01 9.533244166666666741e-01 4.924151067019270911e-02 1.200000000000000000e+01
1.945000000000000062e-01 9.171587333333334202e-01 5.893690798314726864e-02 1.500000000000000000e+01
1.965000000000000080e-01 7.711036666666665207e-01 2.219801421549033940e-02 3.000000000000000000e+00
1.975000000000000089e-01 9.515394761904761856e-01 3.317104562240840576e-02 2.100000000000000000e+01
1.985000000000000098e-01 8.533146666666666658e-01 3.990105290451480269e-02 1.800000000000000000e+01
1.995000000000000107e-01 8.733650000000000579e-01 6.601831915763989311e-02 6.000000000000000000e+00
2.015000000000000124e-01 8.429004999999999415e-01 5.543552383249690518e-02 6.000000000000000000e+00
2.035000000000000142e-01 9.333197500000000035e-01 5.668082272145210515e-02 1.200000000000000000e+01
2.055000000000000160e-01 1.008461666666666590e+00 7.201413057711504584e-02 3.000000000000000000e+00
2.065000000000000169e-01 9.773677777777779463e-01 7.557901211954314025e-02 9.000000000000000000e+00
2.075000000000000178e-01 8.722348666666667194e-01 3.805986814941837715e-02 1.500000000000000000e+01
2.085000000000000187e-01 1.024788666666666792e+00 4.912985270235966512e-02 9.000000000000000000e+00
2.094999999999999918e-01 9.663438888888890022e-01 4.223885152105702478e-02 9.000000000000000000e+00
2.104999999999999927e-01 8.765817500000000484e-01 3.921138889585792237e-02 2.400000000000000000e+01
2.114999999999999936e-01 9.200051666666665406e-01 3.381359664535029536e-02 6.000000000000000000e+00
2.134999999999999953e-01 8.398021666666667384e-01 5.649524596596647991e-02 1.200000000000000000e+01
2.144999999999999962e-01 8.779824999999998880e-01 5.119795557641482892e-02 1.200000000000000000e+01
2.154999999999999971e-01 8.610278333333333256e-01 3.318058822652306117e-02 1.200000000000000000e+01
2.164999999999999980e-01 8.456553333333334255e-01 7.430362107988634779e-02 9.000000000000000000e+00
2.174999999999999989e-01 8.266879999999999784e-01 6.225575020965264800e-02 4.000000000000000000e+00
2.184999999999999998e-01 9.097376666666665557e-01 5.947629972127849857e-02 1.200000000000000000e+01
2.195000000000000007e-01 8.710633888888890120e-01 2.886567977246331726e-02 1.800000000000000000e+01
2.225000000000000033e-01 8.399480666666665485e-01 4.943728659205920417e-02 1.500000000000000000e+01
2.235000000000000042e-01 8.702747499999999858e-01 4.282041785692063812e-02 1.200000000000000000e+01
2.245000000000000051e-01 8.180006666666664872e-01 4.560621229881347410e-02 6.000000000000000000e+00
2.255000000000000060e-01 8.262857500000001520e-01 4.506420821048848918e-02 1.200000000000000000e+01
2.265000000000000069e-01 8.071502777777777027e-01 2.856503155956123877e-02 1.800000000000000000e+01
2.275000000000000078e-01 8.027208888888888172e-01 5.220571133119131929e-02 9.000000000000000000e+00
2.295000000000000095e-01 8.182421666666668258e-01 6.517633868688682552e-02 6.000000000000000000e+00
2.305000000000000104e-01 8.405924999999999647e-01 3.875651490326459392e-02 1.200000000000000000e+01
2.315000000000000113e-01 8.678018333333333834e-01 4.348901963753969840e-02 1.800000000000000000e+01
2.325000000000000122e-01 7.358660000000000201e-01 3.678340777578933268e-02 6.000000000000000000e+00
2.345000000000000140e-01 8.725523750000000467e-01 2.955526375368769734e-02 2.400000000000000000e+01
2.355000000000000149e-01 8.083795555555554069e-01 4.148135782550041450e-02 1.800000000000000000e+01
2.365000000000000158e-01 7.762236666666666451e-01 9.946831787112475620e-02 3.000000000000000000e+00
2.375000000000000167e-01 7.886589444444443986e-01 3.695517694817683496e-02 1.800000000000000000e+01
2.385000000000000175e-01 7.998773333333333291e-01 5.248958724780034696e-02 1.200000000000000000e+01
2.394999999999999907e-01 7.840726666666666400e-01 3.245664070970268739e-02 1.500000000000000000e+01
2.404999999999999916e-01 9.100988333333331903e-01 6.254876199063505449e-02 6.000000000000000000e+00
2.414999999999999925e-01 9.176659999999999817e-01 6.590351332415188279e-02 6.000000000000000000e+00
2.424999999999999933e-01 8.329055238095238733e-01 2.831843613995080333e-02 2.100000000000000000e+01
2.444999999999999951e-01 7.537422222222223134e-01 4.219362108475435691e-02 9.000000000000000000e+00
2.454999999999999960e-01 8.083613333333333761e-01 3.936846582719856491e-02 1.500000000000000000e+01
2.464999999999999969e-01 7.939723333333335020e-01 3.161659416375953158e-02 2.100000000000000000e+01
2.474999999999999978e-01 7.828884999999999872e-01 6.302204540727528170e-02 6.000000000000000000e+00
2.484999999999999987e-01 7.683537500000000575e-01 3.951056489229121116e-02 1.200000000000000000e+01
2.494999999999999996e-01 7.757071666666667253e-01 8.726604723580135003e-02 6.000000000000000000e+00
2.515000000000000013e-01 7.724949999999998207e-01 7.791829819625170628e-02 6.000000000000000000e+00
2.525000000000000022e-01 8.054937777777777530e-01 3.003795674904047655e-02 1.800000000000000000e+01
2.535000000000000031e-01 8.327324411764704948e-01 2.564105201582140767e-02 3.400000000000000000e+01
2.545000000000000040e-01 7.730543333333333988e-01 6.479348024025599617e-02 6.000000000000000000e+00
2.555000000000000049e-01 7.553625833333333928e-01 3.013871674164365910e-02 2.400000000000000000e+01
2.565000000000000058e-01 7.399126000000000314e-01 2.721151970691823921e-02 1.500000000000000000e+01
2.585000000000000075e-01 7.578865555555555078e-01 4.995602459277755786e-02 9.000000000000000000e+00
2.595000000000000084e-01 7.565691515151514723e-01 2.162177834463022488e-02 3.300000000000000000e+01
2.605000000000000093e-01 7.218809166666666499e-01 1.943655426753475302e-02 1.200000000000000000e+01
2.625000000000000111e-01 6.847839999999999483e-01 4.150604144433420184e-02 1.200000000000000000e+01
2.635000000000000120e-01 7.536763333333333925e-01 3.274679285345159785e-02 1.200000000000000000e+01
2.645000000000000129e-01 7.317118333333333391e-01 8.776473737115482454e-02 6.000000000000000000e+00
2.655000000000000138e-01 7.804420416666667526e-01 2.749506068484538351e-02 2.400000000000000000e+01
2.665000000000000147e-01 7.212644666666665483e-01 2.286168748112099233e-02 1.500000000000000000e+01
2.675000000000000155e-01 7.272939999999999960e-01 2.134018637063260851e-02 3.000000000000000000e+00
2.685000000000000164e-01 7.996916666666666895e-01 3.979585040496017023e-02 1.500000000000000000e+01
2.695000000000000173e-01 7.912130740740741519e-01 3.585903491109004859e-02 2.700000000000000000e+01
2.715000000000000191e-01 6.807531666666667425e-01 5.669883129625435947e-02 6.000000000000000000e+00
2.725000000000000200e-01 7.457627999999999480e-01 3.086528532328218846e-02 1.500000000000000000e+01
2.735000000000000209e-01 7.372865128205129404e-01 2.420247113151096502e-02 3.900000000000000000e+01
2.745000000000000218e-01 7.858826666666667293e-01 6.755313406332662252e-02 3.000000000000000000e+00
2.755000000000000226e-01 6.833237083333333350e-01 2.873520755003807631e-02 2.400000000000000000e+01
2.765000000000000235e-01 7.393575555555556011e-01 2.961000308975513320e-02 1.800000000000000000e+01
2.775000000000000244e-01 8.731706666666667616e-01 2.870642571697917811e-02 3.000000000000000000e+00
2.785000000000000253e-01 7.244576666666665554e-01 3.330158550646566962e-02 6.000000000000000000e+00
2.795000000000000262e-01 7.822884666666667375e-01 2.522027006253703060e-02 1.500000000000000000e+01
2.805000000000000271e-01 7.377311111111111153e-01 2.883274308818974466e-02 2.700000000000000000e+01
2.815000000000000280e-01 7.870981111111110540e-01 3.145385454354256149e-02 1.800000000000000000e+01
2.825000000000000289e-01 7.467863333333332188e-01 2.782218468830342101e-02 1.800000000000000000e+01
2.845000000000000306e-01 7.588538888888888279e-01 2.718945414803138408e-02 3.600000000000000000e+01
2.855000000000000315e-01 7.480804999999999261e-01 2.881827894255284059e-02 1.800000000000000000e+01
2.865000000000000324e-01 7.371769999999999712e-01 6.141912434684602268e-02 6.000000000000000000e+00
2.875000000000000333e-01 7.332671666666668031e-01 2.684789078959913533e-02 2.400000000000000000e+01
2.884999999999999787e-01 6.638786666666667280e-01 4.318531929692980692e-02 6.000000000000000000e+00
2.904999999999999805e-01 6.751319000000000070e-01 3.596024570471304665e-02 1.000000000000000000e+01
2.914999999999999813e-01 6.940086969696970254e-01 2.111573659124139912e-02 3.300000000000000000e+01
2.924999999999999822e-01 6.930202499999998933e-01 3.088912206834971627e-02 1.200000000000000000e+01
2.934999999999999831e-01 7.659965185185185765e-01 2.732094460901178523e-02 2.700000000000000000e+01
2.944999999999999840e-01 7.122892666666665873e-01 3.093346152253816442e-02 1.500000000000000000e+01
2.964999999999999858e-01 7.147009393939394162e-01 2.186533854140356933e-02 3.300000000000000000e+01
2.974999999999999867e-01 7.072529166666666756e-01 2.315353508922895695e-02 1.200000000000000000e+01
2.984999999999999876e-01 6.599850833333332778e-01 3.715430631092900282e-02 1.200000000000000000e+01
2.994999999999999885e-01 7.512732916666666760e-01 2.841721259211324804e-02 2.400000000000000000e+01
3.004999999999999893e-01 7.146728000000001080e-01 2.771254234252023413e-02 3.000000000000000000e+01
3.024999999999999911e-01 7.846345555555556128e-01 2.344731002283747742e-02 3.600000000000000000e+01
3.034999999999999920e-01 6.744332499999998731e-01 4.989719043118696906e-02 1.200000000000000000e+01
3.044999999999999929e-01 7.668311904761905273e-01 3.342690558699676351e-02 2.100000000000000000e+01
3.054999999999999938e-01 7.317431666666666112e-01 3.556837247936442403e-02 1.200000000000000000e+01
3.064999999999999947e-01 7.337675555555556173e-01 3.838710577933946572e-02 9.000000000000000000e+00
3.074999999999999956e-01 6.942739166666666017e-01 2.875608270026569838e-02 1.200000000000000000e+01
3.084999999999999964e-01 7.374104166666667348e-01 4.509547798290804849e-02 1.200000000000000000e+01
3.094999999999999973e-01 7.379277666666667068e-01 2.715366488766214267e-02 3.000000000000000000e+01
3.114999999999999991e-01 7.256936333333334765e-01 2.177580389502702801e-02 3.000000000000000000e+01
3.125000000000000000e-01 6.864606111111110076e-01 2.729336109490945045e-02 1.800000000000000000e+01
3.135000000000000009e-01 7.224186666666666534e-01 3.471736260112190386e-02 6.000000000000000000e+00
3.145000000000000018e-01 7.681561282051283523e-01 2.238582157116188187e-02 3.900000000000000000e+01
3.155000000000000027e-01 7.040135999999999061e-01 2.696409676814531461e-02 1.500000000000000000e+01
3.165000000000000036e-01 7.549849583333333447e-01 2.421153276628806514e-02 2.400000000000000000e+01
3.175000000000000044e-01 7.550497000000000458e-01 2.175706084064052068e-02 3.000000000000000000e+01
3.195000000000000062e-01 7.813591481481481082e-01 2.970174306177985821e-02 2.700000000000000000e+01
3.205000000000000071e-01 7.920201999999999520e-01 2.158633704928923994e-02 3.000000000000000000e+01
3.215000000000000080e-01 7.587318000000000673e-01 2.766828393360303701e-02 1.500000000000000000e+01
3.225000000000000089e-01 7.814907222222222671e-01 3.248367892167251109e-02 1.800000000000000000e+01
3.235000000000000098e-01 6.905843333333333556e-01 3.473260458593959571e-02 1.200000000000000000e+01
3.255000000000000115e-01 7.132060256410256427e-01 1.964450748246765119e-02 3.900000000000000000e+01
3.265000000000000124e-01 6.879378461538462330e-01 2.827056717816164855e-02 1.300000000000000000e+01
3.275000000000000133e-01 7.227535000000000487e-01 1.864938974096250549e-02 3.600000000000000000e+01
3.285000000000000142e-01 8.416911666666666569e-01 3.981752954573923586e-02 1.800000000000000000e+01
3.295000000000000151e-01 7.402643333333333020e-01 4.939863017490025293e-02 1.200000000000000000e+01
3.305000000000000160e-01 7.375171666666667791e-01 3.810482855900860361e-02 1.800000000000000000e+01
3.315000000000000169e-01 7.618620444444446083e-01 2.088500724525367211e-02 4.500000000000000000e+01
3.335000000000000187e-01 7.400171000000000943e-01 2.826269300187167488e-02 3.000000000000000000e+01
3.355000000000000204e-01 7.577863000000000238e-01 3.247676893667013343e-02 3.000000000000000000e+01
3.365000000000000213e-01 7.277476666666666816e-01 2.779356787327353501e-02 1.200000000000000000e+01
3.375000000000000222e-01 7.271276333333334119e-01 2.434041535079849161e-02 3.000000000000000000e+01
3.385000000000000231e-01 7.470171000000001005e-01 2.169957802981590383e-02 3.000000000000000000e+01
3.395000000000000240e-01 6.266253333333333675e-01 3.090051111227773428e-02 9.000000000000000000e+00
3.405000000000000249e-01 7.712347000000002728e-01 2.799613755507433452e-02 3.000000000000000000e+01
3.415000000000000258e-01 7.485988333333334355e-01 2.019981166101360998e-02 3.000000000000000000e+01
3.425000000000000266e-01 7.760711111111111560e-01 2.614512077883985111e-02 9.000000000000000000e+00
3.435000000000000275e-01 7.220596666666666552e-01 2.255702289384246828e-02 3.600000000000000000e+01
3.445000000000000284e-01 7.425819166666666193e-01 2.974812595533995324e-02 2.400000000000000000e+01
3.455000000000000293e-01 7.737595555555555338e-01 5.472410830909269636e-02 9.000000000000000000e+00
3.465000000000000302e-01 7.483896363636363125e-01 2.903522059459731977e-02 3.300000000000000000e+01
3.475000000000000311e-01 7.761107777777779271e-01 2.653166742839326714e-02 2.700000000000000000e+01
3.485000000000000320e-01 8.291385000000000005e-01 4.232116829234263550e-02 1.200000000000000000e+01
3.495000000000000329e-01 7.772180952380951524e-01 2.671956240551861400e-02 2.100000000000000000e+01
3.505000000000000338e-01 7.767213333333332637e-01 3.298214141690081896e-02 6.000000000000000000e+00
3.515000000000000346e-01 7.535466222222222399e-01 1.863367008359142693e-02 4.500000000000000000e+01
3.524999999999999800e-01 7.507621111111111301e-01 5.067828580353294504e-02 9.000000000000000000e+00
3.534999999999999809e-01 7.417007916666666922e-01 2.319221667790095573e-02 2.400000000000000000e+01
3.544999999999999818e-01 7.851372222222221531e-01 3.358091011493617023e-02 1.800000000000000000e+01
3.554999999999999827e-01 8.093525000000000302e-01 6.206207361437954956e-02 6.000000000000000000e+00
3.564999999999999836e-01 7.798823333333333441e-01 2.001275533987014257e-02 5.400000000000000000e+01
3.574999999999999845e-01 7.136099047619046676e-01 2.208944644081085179e-02 2.100000000000000000e+01
3.584999999999999853e-01 8.024451333333332270e-01 2.958912849457301028e-02 3.000000000000000000e+01
3.594999999999999862e-01 7.531217142857142832e-01 3.384314421965118475e-02 2.100000000000000000e+01
3.604999999999999871e-01 7.693962380952380498e-01 2.580291909518245275e-02 4.200000000000000000e+01
3.614999999999999880e-01 7.866215833333333185e-01 4.099641142895801144e-02 1.200000000000000000e+01
3.624999999999999889e-01 8.005021935483871420e-01 2.875453564396104889e-02 3.100000000000000000e+01
3.634999999999999898e-01 7.911680333333332982e-01 2.460640637507565537e-02 3.000000000000000000e+01
3.654999999999999916e-01 7.824749393939394171e-01 2.293875802763227154e-02 3.300000000000000000e+01
3.664999999999999925e-01 7.848828095238095104e-01 2.324634444773247474e-02 4.200000000000000000e+01
3.674999999999999933e-01 8.631962500000001093e-01 2.862802837259132566e-02 1.200000000000000000e+01
3.684999999999999942e-01 8.036712999999999774e-01 2.462018187992007223e-02 3.000000000000000000e+01
3.694999999999999951e-01 7.868956666666666599e-01 4.732145596919482694e-02 6.000000000000000000e+00
3.704999999999999960e-01 7.561819333333332782e-01 3.762440357312014233e-02 1.500000000000000000e+01
3.714999999999999969e-01 8.149018166666667229e-01 1.589043805511127297e-02 6.000000000000000000e+01
3.724999999999999978e-01 8.508688888888888968e-01 3.140188505934508878e-02 1.800000000000000000e+01
3.734999999999999987e-01 7.899985000000000479e-01 3.058319022013317526e-02 1.800000000000000000e+01
3.744999999999999996e-01 9.391294999999999504e-01 8.439033787654051655e-02 6.000000000000000000e+00
3.755000000000000004e-01 7.898639285714285085e-01 2.137461749540300882e-02 4.200000000000000000e+01
3.765000000000000013e-01 8.001183703703702577e-01 2.278323490441652721e-02 2.700000000000000000e+01
3.775000000000000022e-01 7.733516666666667705e-01 2.461714173181858700e-02 3.000000000000000000e+01
3.785000000000000031e-01 7.877304242424242320e-01 2.581937240940584966e-02 3.300000000000000000e+01
3.795000000000000040e-01 8.022398888888886415e-01 2.353837095755732453e-02 4.500000000000000000e+01
3.805000000000000049e-01 7.921182500000000237e-01 4.155522363166454236e-02 1.200000000000000000e+01
3.815000000000000058e-01 8.194590555555556488e-01 2.704737620953426291e-02 1.800000000000000000e+01
3.825000000000000067e-01 8.823263333333333236e-01 2.217972168506593053e-02 3.600000000000000000e+01
3.835000000000000075e-01 8.848319999999999519e-01 8.604780464795912243e-02 6.000000000000000000e+00
3.845000000000000084e-01 8.272732666666666734e-01 3.697157361998239938e-02 1.500000000000000000e+01
3.855000000000000093e-01 8.456403777777775632e-01 2.351942954477006034e-02 4.500000000000000000e+01
3.865000000000000102e-01 8.428990370370370577e-01 2.038975096216394736e-02 5.400000000000000000e+01
3.875000000000000111e-01 8.312089259259259899e-01 3.544630645608518038e-02 2.700000000000000000e+01
3.885000000000000120e-01 8.170871999999999025e-01 3.683053961491352529e-02 1.500000000000000000e+01
3.895000000000000129e-01 8.531694000000000777e-01 3.225387252211187744e-02 3.000000000000000000e+01
3.905000000000000138e-01 9.415255333333332199e-01 5.044025865250953422e-02 1.500000000000000000e+01
3.915000000000000147e-01 8.424745740740740008e-01 2.374837472347760339e-02 5.400000000000000000e+01
3.925000000000000155e-01 8.414626666666666921e-01 8.849817743195496911e-02 3.000000000000000000e+00
3.935000000000000164e-01 7.797187777777777606e-01 2.338123382947132275e-02 2.700000000000000000e+01
3.945000000000000173e-01 8.193855555555554782e-01 2.386127237681151189e-02 3.600000000000000000e+01
3.955000000000000182e-01 8.670970606060606212e-01 3.089339573534271438e-02 3.300000000000000000e+01
3.965000000000000191e-01 8.396486666666667098e-01 4.903204518107407567e-02 9.000000000000000000e+00
3.975000000000000200e-01 8.449020833333334979e-01 2.757783365369284936e-02 3.600000000000000000e+01
3.985000000000000209e-01 8.456085333333331899e-01 2.540441910764913366e-02 3.000000000000000000e+01
3.995000000000000218e-01 8.350158947368421236e-01 3.420982432991428318e-02 1.900000000000000000e+01
4.005000000000000226e-01 8.551202222222221705e-01 1.820063535378334957e-02 5.400000000000000000e+01
4.025000000000000244e-01 8.756130000000000857e-01 1.925885302885919914e-02 6.300000000000000000e+01
4.035000000000000253e-01 8.392361666666665609e-01 2.648418824971172925e-02 3.000000000000000000e+01
4.045000000000000262e-01 9.190963333333335150e-01 4.660791668769716928e-02 1.800000000000000000e+01
4.055000000000000271e-01 8.711900952380953189e-01 2.768612920658011789e-02 4.200000000000000000e+01
4.065000000000000280e-01 8.220001904761906619e-01 2.543316727447043901e-02 4.200000000000000000e+01
4.075000000000000289e-01 8.554096363636364275e-01 1.956082937003426198e-02 3.300000000000000000e+01
4.085000000000000298e-01 8.779233333333332778e-01 3.240926094272499752e-02 3.000000000000000000e+01
4.095000000000000306e-01 9.307332499999999564e-01 4.053484790558818662e-02 1.200000000000000000e+01
4.105000000000000315e-01 8.780661999999999079e-01 4.005228497057077702e-02 1.500000000000000000e+01
4.115000000000000324e-01 8.208184848484848528e-01 2.915435608204958867e-02 3.300000000000000000e+01
4.125000000000000333e-01 9.356827916666666800e-01 3.140561642745338944e-02 2.400000000000000000e+01
4.135000000000000342e-01 8.616406833333332127e-01 1.818452690575571296e-02 6.000000000000000000e+01
4.145000000000000351e-01 8.990483333333334492e-01 4.585434570324840864e-02 1.500000000000000000e+01
4.155000000000000360e-01 8.762426111111110139e-01 2.568038973265545852e-02 3.600000000000000000e+01
4.164999999999999813e-01 8.647907878787879365e-01 2.489044853596476467e-02 3.300000000000000000e+01
4.174999999999999822e-01 8.829661190476191246e-01 2.954775845819502048e-02 4.200000000000000000e+01
4.184999999999999831e-01 9.450548333333333995e-01 7.707273725359126137e-02 6.000000000000000000e+00
4.194999999999999840e-01 9.060717500000000646e-01 2.502615415702941562e-02 4.800000000000000000e+01
4.204999999999999849e-01 8.858706666666668061e-01 1.953109063094786435e-02 2.400000000000000000e+01
4.214999999999999858e-01 8.668551666666667321e-01 2.674519043669663920e-02 2.400000000000000000e+01
4.224999999999999867e-01 8.519265833333333759e-01 3.316532857004613616e-02 2.400000000000000000e+01
4.234999999999999876e-01 8.960181249999999986e-01 3.732907791018044014e-02 2.400000000000000000e+01
4.244999999999999885e-01 9.047528095238094314e-01 3.208479041116677616e-02 4.200000000000000000e+01
4.254999999999999893e-01 9.071446666666665992e-01 2.831664802813915055e-02 2.400000000000000000e+01
4.264999999999999902e-01 8.864972666666666168e-01 2.500136910145068711e-02 3.000000000000000000e+01
4.274999999999999911e-01 9.683607777777779591e-01 4.354552300247623714e-02 1.800000000000000000e+01
4.284999999999999920e-01 8.798027222222221111e-01 3.151101868411260859e-02 3.600000000000000000e+01
4.294999999999999929e-01 8.898237083333332409e-01 4.471769017266598312e-02 2.400000000000000000e+01
4.304999999999999938e-01 9.754375333333332732e-01 4.417036428161034284e-02 1.500000000000000000e+01
4.314999999999999947e-01 9.420664705882353385e-01 2.684943126093308763e-02 5.100000000000000000e+01
4.324999999999999956e-01 9.111752222222223585e-01 3.036912720469225890e-02 3.600000000000000000e+01
4.334999999999999964e-01 9.728594444444443878e-01 3.040661395852228138e-02 2.700000000000000000e+01
4.344999999999999973e-01 9.177335555555554691e-01 4.133640385212880575e-02 1.800000000000000000e+01
4.354999999999999982e-01 9.209918636363638722e-01 3.309272179311643913e-02 2.200000000000000000e+01
4.364999999999999991e-01 9.563666428571429012e-01 2.838974776812523346e-02 4.200000000000000000e+01
4.375000000000000000e-01 9.221706999999998988e-01 2.189022054772247344e-02 3.000000000000000000e+01
4.385000000000000009e-01 1.004876916666666675e+00 6.518992352948169144e-02 1.200000000000000000e+01
4.395000000000000018e-01 9.624846923076921801e-01 2.522798069222395925e-02 3.900000000000000000e+01
4.405000000000000027e-01 1.003967124999999960e+00 3.670540629079246248e-02 2.400000000000000000e+01
4.415000000000000036e-01 8.671691666666666576e-01 5.614543627664178582e-02 6.000000000000000000e+00
4.425000000000000044e-01 9.471408809523810257e-01 2.804045723912320168e-02 4.200000000000000000e+01
4.435000000000000053e-01 9.670847916666667210e-01 3.326402927854843483e-02 2.400000000000000000e+01
4.445000000000000062e-01 9.584400000000000697e-01 3.112722860391856430e-02 3.300000000000000000e+01
4.455000000000000071e-01 9.666660952380952132e-01 4.154794432711528263e-02 2.100000000000000000e+01
4.465000000000000080e-01 9.320096666666667362e-01 5.522030686179778269e-02 1.500000000000000000e+01
4.475000000000000089e-01 1.033824857142857212e+00 6.315891678488047556e-02 2.100000000000000000e+01
4.485000000000000098e-01 9.392852156862744328e-01 2.431625078391256092e-02 5.100000000000000000e+01
4.495000000000000107e-01 9.479669285714287241e-01 2.457680113724788548e-02 4.200000000000000000e+01
4.505000000000000115e-01 9.346443333333334103e-01 3.140780888673478516e-02 1.200000000000000000e+01
4.515000000000000124e-01 8.929029444444444019e-01 4.321651809669284361e-02 1.800000000000000000e+01
4.525000000000000133e-01 9.395806666666667306e-01 4.005128318279247562e-02 1.800000000000000000e+01
4.535000000000000142e-01 9.858876111111108953e-01 3.079075416796715411e-02 3.600000000000000000e+01
4.545000000000000151e-01 9.915671249999999937e-01 4.606433289206506715e-02 2.400000000000000000e+01
4.555000000000000160e-01 9.615387435897435608e-01 2.978754006433964596e-02 3.900000000000000000e+01
4.565000000000000169e-01 9.731668888888889146e-01 8.640740738058612369e-02 9.000000000000000000e+00
4.575000000000000178e-01 9.868470999999998661e-01 2.802327415819986026e-02 3.000000000000000000e+01
4.595000000000000195e-01 9.508369743589741852e-01 3.063390064084219738e-02 3.900000000000000000e+01
4.605000000000000204e-01 1.018235952380952325e+00 4.068152302607801196e-02 2.100000000000000000e+01
4.615000000000000213e-01 9.316410000000000524e-01 2.094952078845617807e-02 4.800000000000000000e+01
4.625000000000000222e-01 9.267144166666666516e-01 6.723186866804947703e-02 1.200000000000000000e+01
4.635000000000000231e-01 9.924695999999999518e-01 3.306184800008447194e-02 3.000000000000000000e+01
4.645000000000000240e-01 1.012772809523809325e+00 4.220357788514748909e-02 2.100000000000000000e+01
4.655000000000000249e-01 9.759361666666667157e-01 2.653124233898301876e-02 4.200000000000000000e+01
4.665000000000000258e-01 1.059196000000000026e+00 4.787211768558916752e-02 2.400000000000000000e+01
4.675000000000000266e-01 1.038090583333333150e+00 5.530645961141762712e-02 1.200000000000000000e+01
4.685000000000000275e-01 1.007379944444444231e+00 4.590990532756621806e-02 1.800000000000000000e+01
4.695000000000000284e-01 9.918380833333332314e-01 4.023081962449261140e-02 1.200000000000000000e+01
4.705000000000000293e-01 1.050963444444444228e+00 4.327578982580450317e-02 1.800000000000000000e+01
4.715000000000000302e-01 1.006706216216216143e+00 3.281830620607862486e-02 3.700000000000000000e+01
4.725000000000000311e-01 9.513756904761905275e-01 2.557746705601882456e-02 4.200000000000000000e+01
4.735000000000000320e-01 9.896656666666666657e-01 4.975558422372756279e-02 3.000000000000000000e+00
4.745000000000000329e-01 1.001945199999999980e+00 3.981183987535227148e-02 3.000000000000000000e+01
4.755000000000000338e-01 9.958506666666664398e-01 4.083442243962534524e-02 2.100000000000000000e+01
4.765000000000000346e-01 9.879524333333332686e-01 2.680882536673510202e-02 3.000000000000000000e+01
4.775000000000000355e-01 1.074657999999999891e+00 9.260612586756883369e-02 6.000000000000000000e+00
4.785000000000000364e-01 1.058797104166666614e+00 2.878717399501046562e-02 4.800000000000000000e+01
4.795000000000000373e-01 1.063449666666666626e+00 3.903103685215098678e-02 2.100000000000000000e+01
4.804999999999999827e-01 1.171209833333333394e+00 6.741825029392593815e-02 6.000000000000000000e+00
4.814999999999999836e-01 9.620998666666665811e-01 4.796216338083759967e-02 1.500000000000000000e+01
4.824999999999999845e-01 1.077359714285714087e+00 3.351403007990258476e-02 4.200000000000000000e+01
4.834999999999999853e-01 9.980113030303030541e-01 3.355430678097902353e-02 3.300000000000000000e+01
4.844999999999999862e-01 9.893601111111112179e-01 7.733499950440084203e-02 9.000000000000000000e+00
4.854999999999999871e-01 1.049603000000000064e+00 6.575428693481173703e-02 9.000000000000000000e+00
4.864999999999999880e-01 1.005047999999999719e+00 3.913727875424634350e-02 1.800000000000000000e+01
4.874999999999999889e-01 9.737311249999999196e-01 3.211563527872685064e-02 2.400000000000000000e+01
4.884999999999999898e-01 1.066163296296296359e+00 3.377621007044927931e-02 2.700000000000000000e+01
4.894999999999999907e-01 1.044700083333333307e+00 4.078501298368567007e-02 2.400000000000000000e+01
4.904999999999999916e-01 1.020804999999999962e+00 4.372964199621132142e-02 2.700000000000000000e+01
4.914999999999999925e-01 1.096637666666666844e+00 4.416348402886997870e-02 1.500000000000000000e+01
4.924999999999999933e-01 9.804153333333333054e-01 2.935980230524492390e-02 3.000000000000000000e+01
4.934999999999999942e-01 9.849412499999999904e-01 4.990396685212160344e-02 1.200000000000000000e+01
4.944999999999999951e-01 1.071001466666666735e+00 3.185373709087458566e-02 3.000000000000000000e+01
4.964999999999999969e-01 1.091306000000000109e+00 2.728540501544998026e-02 4.200000000000000000e+01
4.974999999999999978e-01 1.063247999999999971e+00 3.905253341799525685e-02 1.200000000000000000e+01
4.984999999999999987e-01 1.069567904761904886e+00 4.308559015803559156e-02 2.100000000000000000e+01
4.994999999999999996e-01 9.961619999999999919e-01 3.879187571207236979e-02 2.400000000000000000e+01
5.004999999999999449e-01 1.065803222222222235e+00 5.963221367329205047e-02 9.000000000000000000e+00
5.015000000000000568e-01 1.030548374999999961e+00 3.236408114446334000e-02 2.400000000000000000e+01
5.024999999999999467e-01 1.327289999999999859e+00 1.514680594492889276e-01 3.000000000000000000e+00
5.035000000000000586e-01 1.065818777777777893e+00 2.959396029118186583e-02 2.700000000000000000e+01
5.044999999999999485e-01 1.053957875000000044e+00 3.312049442441641900e-02 2.400000000000000000e+01
5.055000000000000604e-01 9.841674666666667681e-01 4.785717501173143013e-02 1.500000000000000000e+01
5.064999999999999503e-01 1.023411944444444277e+00 3.697324113233881049e-02 3.600000000000000000e+01
5.075000000000000622e-01 1.031974399999999958e+00 6.069035347898744243e-02 1.000000000000000000e+01
5.084999999999999520e-01 1.063199916666666800e+00 3.409622882170427333e-02 2.400000000000000000e+01
5.104999999999999538e-01 1.017729895833333176e+00 2.607893920443431907e-02 4.800000000000000000e+01
5.115000000000000657e-01 1.030543583333333402e+00 6.487042006026184915e-02 1.200000000000000000e+01
5.124999999999999556e-01 1.002438666666666700e+00 3.925575124205085698e-02 6.000000000000000000e+00
5.135000000000000675e-01 1.134127999999999803e+00 3.962299485595546095e-02 2.400000000000000000e+01
5.144999999999999574e-01 9.645875000000000421e-01 8.070177332489872346e-02 6.000000000000000000e+00
5.155000000000000693e-01 1.094236958333333343e+00 4.304938645843153777e-02 2.400000000000000000e+01
5.164999999999999591e-01 1.274719833333333385e+00 1.234534000855968400e-01 6.000000000000000000e+00
5.175000000000000711e-01 1.038768916666666486e+00 4.987871558719366577e-02 1.200000000000000000e+01
5.184999999999999609e-01 1.061866564102564192e+00 2.822138191562903117e-02 3.900000000000000000e+01
5.195000000000000728e-01 1.047265166666666580e+00 6.630015368580310930e-02 6.000000000000000000e+00
5.204999999999999627e-01 1.141594523809523753e+00 5.611724349035088211e-02 2.100000000000000000e+01
5.215000000000000746e-01 1.141692518518518495e+00 4.493730680671619016e-02 2.700000000000000000e+01
5.224999999999999645e-01 1.175518000000000063e+00 5.640559388710995881e-02 1.200000000000000000e+01
5.235000000000000764e-01 1.060306166666666661e+00 8.373147399809970082e-02 6.000000000000000000e+00
5.244999999999999662e-01 1.150106333333333231e+00 3.586556359526556909e-02 2.400000000000000000e+01
5.255000000000000782e-01 1.092874533333333398e+00 4.310803551004173395e-02 3.000000000000000000e+01
5.264999999999999680e-01 1.153949777777777852e+00 5.753208409728575307e-02 9.000000000000000000e+00
5.275000000000000799e-01 1.110880833333333095e+00 7.003687466730751376e-02 1.200000000000000000e+01
5.284999999999999698e-01 1.260082499999999994e+00 7.770531716845380243e-02 6.000000000000000000e+00
5.295000000000000817e-01 1.075205500000000036e+00 4.388376567370382009e-02 1.200000000000000000e+01
5.304999999999999716e-01 1.082383933333333159e+00 4.112567980824339414e-02 1.500000000000000000e+01
5.315000000000000835e-01 1.081012749999999967e+00 5.688758291153743485e-02 1.200000000000000000e+01
5.324999999999999734e-01 1.324383333333333246e+00 1.412843234206981879e-01 3.000000000000000000e+00
5.335000000000000853e-01 1.103963595238095285e+00 3.358531600652149562e-02 4.200000000000000000e+01
5.344999999999999751e-01 1.144653999999999838e+00 6.202389404299879505e-02 1.500000000000000000e+01
5.355000000000000870e-01 1.110691555555555432e+00 4.233595347235275669e-02 1.800000000000000000e+01
5.364999999999999769e-01 1.137968583333333505e+00 8.169776198544967394e-02 1.200000000000000000e+01
5.375000000000000888e-01 1.228014399999999950e+00 5.561860889450580964e-02 1.500000000000000000e+01
5.384999999999999787e-01 1.185626333333333671e+00 5.752124478135730440e-02 1.500000000000000000e+01
5.395000000000000906e-01 1.047275555555555515e+00 6.898057120247520768e-02 9.000000000000000000e+00
5.404999999999999805e-01 1.072730083333333306e+00 3.891405408172970981e-02 2.400000000000000000e+01
5.424999999999999822e-01 1.135067000000000048e+00 8.625501532007669170e-02 6.000000000000000000e+00
5.435000000000000941e-01 9.920078888888888002e-01 4.055561160563097428e-02 9.000000000000000000e+00
5.444999999999999840e-01 1.073657052631579178e+00 5.204552940075745510e-02 1.900000000000000000e+01
5.455000000000000959e-01 1.224289444444444319e+00 6.397806869482504377e-02 9.000000000000000000e+00
5.464999999999999858e-01 1.158323444444444128e+00 3.042756065509940114e-02 1.800000000000000000e+01
5.475000000000000977e-01 1.102333000000000007e+00 6.232579391748205300e-02 9.000000000000000000e+00
5.484999999999999876e-01 1.056803500000000007e+00 3.311766709002171571e-02 2.400000000000000000e+01
5.495000000000000995e-01 1.122402833333333128e+00 5.130807313218439802e-02 1.800000000000000000e+01
5.515000000000001013e-01 1.141402722222222277e+00 5.041200095090996036e-02 1.800000000000000000e+01
5.524999999999999911e-01 9.675526666666666165e-01 1.310940404713772933e-01 3.000000000000000000e+00
5.535000000000001030e-01 1.214631333333333396e+00 6.032821011142603523e-02 1.800000000000000000e+01
5.544999999999999929e-01 1.163225277777777400e+00 4.954580658022436634e-02 1.800000000000000000e+01
5.564999999999999947e-01 1.057292111111111099e+00 7.022154640521753588e-02 9.000000000000000000e+00
5.575000000000001066e-01 1.096456000000000097e+00 1.381602471383622244e-01 3.000000000000000000e+00
5.584999999999999964e-01 1.099897200000000019e+00 4.473396464722356747e-02 1.500000000000000000e+01
5.595000000000001084e-01 1.164255611111111088e+00 4.746191904181316923e-02 1.800000000000000000e+01
5.604999999999999982e-01 1.113363444444444461e+00 6.996535865402549181e-02 9.000000000000000000e+00
5.615000000000001101e-01 1.228489333333333322e+00 1.469279631217663140e-01 6.000000000000000000e+00
5.625000000000000000e-01 1.066579833333333394e+00 4.716050508263233687e-02 1.200000000000000000e+01
5.635000000000001119e-01 1.169827888888888889e+00 6.066848076739236179e-02 9.000000000000000000e+00
5.645000000000000018e-01 1.046866555555555411e+00 4.768251467551668649e-02 9.000000000000000000e+00
5.655000000000001137e-01 1.121291555555555597e+00 4.135927695448181340e-02 9.000000000000000000e+00
5.665000000000000036e-01 1.191410222222222259e+00 8.280047101227708262e-02 9.000000000000000000e+00
5.675000000000001155e-01 1.155482083333333465e+00 6.062242985523098177e-02 1.200000000000000000e+01
5.685000000000000053e-01 1.165536166666666595e+00 8.191951653362913865e-02 1.200000000000000000e+01
5.695000000000001172e-01 1.365956333333333106e+00 2.562262063622255392e-01 3.000000000000000000e+00
5.705000000000000071e-01 1.130898833333333409e+00 1.043623195485856997e-01 6.000000000000000000e+00
5.715000000000001190e-01 1.222178333333333144e+00 4.905648475085745697e-02 6.000000000000000000e+00
5.725000000000000089e-01 1.141637000000000013e+00 6.844780275428050120e-02 9.000000000000000000e+00
5.735000000000001208e-01 1.150127166666666589e+00 5.230117732089747951e-02 1.800000000000000000e+01
5.745000000000000107e-01 1.100363333333333138e+00 6.309660776231253154e-02 3.000000000000000000e+00
5.755000000000001226e-01 1.117556499999999842e+00 1.087697352970178749e-01 6.000000000000000000e+00
5.765000000000000124e-01 1.144555333333333369e+00 4.085174174989360252e-02 9.000000000000000000e+00
5.774999999999999023e-01 1.089871999999999952e+00 6.749150627795076629e-02 6.000000000000000000e+00
5.794999999999999041e-01 1.155088833333333342e+00 9.263856555827301720e-02 6.000000000000000000e+00
5.805000000000000160e-01 1.149385000000000101e+00 4.949396419430017457e-02 4.000000000000000000e+00
5.814999999999999059e-01 1.125396133333333548e+00 4.621398422296691538e-02 1.500000000000000000e+01
5.825000000000000178e-01 1.133700000000000152e+00 6.334106908896733334e-02 6.000000000000000000e+00
5.834999999999999076e-01 1.093205833333333210e+00 1.066369907322397281e-01 6.000000000000000000e+00
5.854999999999999094e-01 1.110532166666666765e+00 5.825937530597911918e-02 1.200000000000000000e+01
5.865000000000000213e-01 1.152260833333333512e+00 5.207298145258355826e-02 6.000000000000000000e+00
5.874999999999999112e-01 1.210498555555555633e+00 7.130714828299535013e-02 9.000000000000000000e+00
5.894999999999999130e-01 1.162593333333333367e+00 9.902724984119830320e-02 3.000000000000000000e+00
5.905000000000000249e-01 1.157884833333333363e+00 6.241745724844221382e-02 6.000000000000000000e+00
5.925000000000000266e-01 1.234823333333333384e+00 1.005290912013919874e-01 3.000000000000000000e+00
5.934999999999999165e-01 1.382090000000000041e+00 1.286419523846452639e-01 6.000000000000000000e+00
5.945000000000000284e-01 1.111420666666666612e+00 5.996493027043710289e-02 1.200000000000000000e+01
5.954999999999999183e-01 1.155471833333333365e+00 9.158925393313224750e-02 6.000000000000000000e+00
5.965000000000000302e-01 8.870939999999999381e-01 8.346712160685390569e-02 3.000000000000000000e+00
5.974999999999999201e-01 1.179690666666666665e+00 1.147947018703873584e-01 6.000000000000000000e+00
5.985000000000000320e-01 1.141386333333333392e+00 1.169918379493961741e-01 3.000000000000000000e+00
5.994999999999999218e-01 1.194738833333333305e+00 9.089634409531795189e-02 6.000000000000000000e+00
