0.000000 nan
0.500000 0.000000
1.000000 0.000000
1.500000 0.072773
2.000000 0.040935
2.500000 0.192121
3.000000 0.497283
3.500000 1.189619
4.000000 2.387870
4.500000 4.234321
5.000000 6.763539
5.500000 9.061163
6.000000 11.029685
6.500000 11.958485
7.000000 12.252627
7.500000 11.861058
8.000000 11.408049
8.500000 10.244399
9.000000 9.288688
9.500000 8.366295
10.000000 7.502551
10.500000 6.820877
11.000000 6.301045
11.500000 5.788976
12.000000 5.343901
12.500000 5.030781
13.000000 4.738761
13.500000 4.419099
14.000000 4.113541
14.500000 3.882505
15.000000 3.605668
15.500000 3.369754
16.000000 3.097408
16.500000 2.896493
17.000000 2.732205
17.500000 2.507912
18.000000 2.304821
18.500000 2.146197
19.000000 2.048787
19.500000 1.920236
20.000000 1.792949
20.500000 1.661099
21.000000 1.602619
21.500000 1.498364
22.000000 1.410507
22.500000 1.329108
23.000000 1.245639
23.500000 1.196755
24.000000 1.140871
24.500000 1.096144
25.000000 1.026800
25.500000 0.979290
26.000000 0.959589
26.500000 0.901802
27.000000 0.875300
27.500000 0.836254
28.000000 0.805749
28.500000 0.781892
29.000000 0.758732
29.500000 0.721941
30.000000 0.696621
30.500000 0.693330
31.000000 0.665125
31.500000 0.654574
32.000000 0.627349
32.500000 0.612483
33.000000 0.605541
33.500000 0.590178
34.000000 0.574600
34.500000 0.564760
35.000000 0.571240
35.500000 0.557774
36.000000 0.540998
36.500000 0.539428
37.000000 0.530051
37.500000 0.533049
38.000000 0.517337
38.500000 0.515255
39.000000 0.524017
39.500000 0.525072
40.000000 0.517656
40.500000 0.514836
41.000000 0.512746
41.500000 0.517832
42.000000 0.522841
42.500000 0.531310
43.000000 0.539688
43.500000 0.537449
44.000000 0.540019
44.500000 0.546309
45.000000 0.556068
45.500000 0.559785
46.000000 0.564680
46.500000 0.579485
47.000000 0.581378
47.500000 0.596853
48.000000 0.601847
48.500000 0.621824
49.000000 0.626293
49.500000 0.646650
50.000000 0.648409
50.500000 0.660459
51.000000 0.676321
51.500000 0.694079
52.000000 0.715634
52.500000 0.717375
53.000000 0.737732
53.500000 0.748434
54.000000 0.764979
54.500000 0.783771
55.000000 0.788386
55.500000 0.814113
56.000000 0.825242
56.500000 0.840502
57.000000 0.859167
57.500000 0.872964
58.000000 0.890282
58.500000 0.899944
59.000000 0.921445
59.500000 0.926497
60.000000 0.949584
60.500000 0.956276
61.000000 0.975735
61.500000 0.978304
62.000000 0.997347
62.500000 1.002761
63.000000 1.017436
63.500000 1.028074
64.000000 1.042361
64.500000 1.041154
65.000000 1.052416
65.500000 1.064627
66.000000 1.066413
66.500000 1.069110
67.000000 1.073177
67.500000 1.085428
68.000000 1.085330
68.500000 1.094064
69.000000 1.095988
69.500000 1.096807
70.000000 1.096989
70.500000 1.099416
71.000000 1.099274
71.500000 1.098708
72.000000 1.103158
72.500000 1.093218
73.000000 1.098951
73.500000 1.101196
74.000000 1.090023
74.500000 1.089129
75.000000 1.086009
75.500000 1.088783
76.000000 1.080901
76.500000 1.077739
77.000000 1.069974
77.500000 1.071879
78.000000 1.068425
78.500000 1.064805
79.000000 1.060123
79.500000 1.059274
80.000000 1.050279
80.500000 1.050808
81.000000 1.044696
81.500000 1.036560
82.000000 1.036985
82.500000 1.030869
83.000000 1.028952
83.500000 1.020009
84.000000 1.024966
84.500000 1.013545
85.000000 1.009467
85.500000 1.007894
86.000000 1.005964
86.500000 1.000401
87.000000 0.998439
87.500000 0.995273
88.000000 0.993320
88.500000 0.984204
89.000000 0.984443
89.500000 0.981937
90.000000 0.981468
90.500000 0.979602
91.000000 0.981759
91.500000 0.978908
92.000000 0.973481
92.500000 0.969562
93.000000 0.969602
93.500000 0.965310
94.000000 0.966279
94.500000 0.962474
95.000000 0.966152
95.500000 0.959568
96.000000 0.962794
96.500000 0.960186
97.000000 0.964281
97.500000 0.960049
98.000000 0.961377
98.500000 0.963280
99.000000 0.961789
99.500000 0.962947
100.000000 0.959100
100.500000 0.964078
101.000000 0.958773
101.500000 0.962828
102.000000 0.960845
102.500000 0.962019
103.000000 0.962183
103.500000 0.965015
104.000000 0.964610
104.500000 0.963703
105.000000 0.968076
105.500000 0.964816
106.000000 0.969216
106.500000 0.971310
107.000000 0.970792
107.500000 0.967459
108.000000 0.967923
108.500000 0.973228
109.000000 0.969194
109.500000 0.973382
110.000000 0.968603
110.500000 0.973308
111.000000 0.974894
111.500000 0.976118
112.000000 0.972496
112.500000 0.976036
113.000000 0.971743
113.500000 0.970640
114.000000 0.971821
114.500000 0.974230
115.000000 0.974271
115.500000 0.973177
116.000000 0.971336
116.500000 0.975045
117.000000 0.970014
117.500000 0.970050
118.000000 0.971235
118.500000 0.967814
119.000000 0.964415
119.500000 0.964140
120.000000 0.968770
120.500000 0.964585
121.000000 0.962729
121.500000 0.962656
122.000000 0.965353
122.500000 0.959678
123.000000 0.957217
123.500000 0.961312
124.000000 0.956028
124.500000 0.955601
