0.000000 nan
0.500000 0.000000
1.000000 0.000000
1.500000 0.000000
2.000000 0.027290
2.500000 0.261983
3.000000 0.654959
3.500000 1.336650
4.000000 2.456095
4.500000 4.339438
5.000000 6.444793
5.500000 8.779693
6.000000 10.788624
6.500000 12.065707
7.000000 12.341737
7.500000 11.901811
8.000000 11.395257
8.500000 10.680282
9.000000 9.437603
9.500000 8.279209
10.000000 7.373742
10.500000 6.990186
11.000000 6.431405
11.500000 5.829008
12.000000 5.424634
12.500000 4.968603
13.000000 4.772026
13.500000 4.426885
14.000000 4.196525
14.500000 3.883025
15.000000 3.635748
15.500000 3.428139
16.000000 3.149430
16.500000 2.914937
17.000000 2.734282
17.500000 2.542487
18.000000 2.412633
18.500000 2.198186
19.000000 2.036238
19.500000 1.923681
20.000000 1.841525
20.500000 1.690970
21.000000 1.571802
21.500000 1.507101
22.000000 1.420430
22.500000 1.322423
23.000000 1.294441
23.500000 1.210888
24.000000 1.144851
24.500000 1.098054
25.000000 1.049680
25.500000 1.009591
26.000000 0.956278
26.500000 0.920377
27.000000 0.862796
27.500000 0.862597
28.000000 0.838052
28.500000 0.805276
29.000000 0.767104
29.500000 0.732038
30.000000 0.709902
30.500000 0.706062
31.000000 0.671656
31.500000 0.661504
32.000000 0.646964
32.500000 0.612225
33.000000 0.604438
33.500000 0.602677
34.000000 0.599434
34.500000 0.570813
35.000000 0.561660
35.500000 0.561108
36.000000 0.547146
36.500000 0.525950
37.000000 0.539500
37.500000 0.534369
38.000000 0.528336
38.500000 0.523982
39.000000 0.522402
39.500000 0.534867
40.000000 0.526423
40.500000 0.526749
41.000000 0.520278
41.500000 0.520113
42.000000 0.529462
42.500000 0.530373
43.000000 0.533873
43.500000 0.530209
44.000000 0.547434
44.500000 0.551077
45.000000 0.557119
45.500000 0.565506
46.000000 0.589752
46.500000 0.576430
47.000000 0.595314
47.500000 0.596635
48.000000 0.610470
48.500000 0.630108
49.000000 0.636864
49.500000 0.640235
50.000000 0.662818
50.500000 0.680277
51.000000 0.695794
51.500000 0.704080
52.000000 0.714464
52.500000 0.738900
53.000000 0.757862
53.500000 0.762107
54.000000 0.781413
54.500000 0.799923
55.000000 0.806700
55.500000 0.818880
56.000000 0.838992
56.500000 0.850949
57.000000 0.860444
57.500000 0.879650
58.000000 0.899140
58.500000 0.914585
59.000000 0.933487
59.500000 0.932418
60.000000 0.941382
60.500000 0.961047
61.000000 0.972962
61.500000 0.979141
62.000000 0.987407
62.500000 1.003390
63.000000 1.001855
63.500000 1.026368
64.000000 1.038643
64.500000 1.034148
65.000000 1.042301
65.500000 1.048483
66.000000 1.053708
66.500000 1.061273
67.000000 1.068350
67.500000 1.056511
68.000000 1.070398
68.500000 1.079954
69.000000 1.071054
69.500000 1.072490
70.000000 1.091843
70.500000 1.088468
71.000000 1.082286
71.500000 1.084498
72.000000 1.080206
72.500000 1.078670
73.000000 1.086907
73.500000 1.084556
74.000000 1.070647
74.500000 1.077467
75.000000 1.076616
75.500000 1.072342
76.000000 1.067861
76.500000 1.070903
77.000000 1.062895
77.500000 1.066708
78.000000 1.055821
78.500000 1.049216
79.000000 1.041469
79.500000 1.043557
80.000000 1.033504
80.500000 1.027915
81.000000 1.031037
81.500000 1.027135
82.000000 1.035313
82.500000 1.027678
83.000000 1.022036
83.500000 1.010287
84.000000 1.009063
84.500000 1.004128
85.000000 1.005524
85.500000 1.003444
86.000000 0.997463
86.500000 1.000058
87.000000 0.990024
87.500000 0.984088
88.000000 0.987061
88.500000 0.986546
89.000000 0.982714
89.500000 0.977501
90.000000 0.983112
90.500000 0.977330
91.000000 0.973672
91.500000 0.962616
92.000000 0.972623
92.500000 0.970213
93.000000 0.974259
93.500000 0.975555
94.000000 0.968923
94.500000 0.967119
95.000000 0.965505
95.500000 0.968683
96.000000 0.968698
96.500000 0.964453
97.000000 0.958434
97.500000 0.963660
98.000000 0.964480
98.500000 0.958572
99.000000 0.963459
99.500000 0.967859
100.000000 0.968880
100.500000 0.966840
101.000000 0.963818
101.500000 0.970377
102.000000 0.972303
102.500000 0.972908
103.000000 0.968352
103.500000 0.968567
104.000000 0.968339
104.500000 0.973619
105.000000 0.980775
105.500000 0.972579
106.000000 0.980961
106.500000 0.969655
107.000000 0.974534
107.500000 0.974303
108.000000 0.971994
108.500000 0.976297
109.000000 0.980692
109.500000 0.978712
110.000000 0.985965
110.500000 0.981247
111.000000 0.977370
111.500000 0.981926
112.000000 0.980358
112.500000 0.979150
113.000000 0.974086
113.500000 0.984241
114.000000 0.983345
114.500000 0.983427
115.000000 0.977898
115.500000 0.980906
116.000000 0.981318
116.500000 0.976058
117.000000 0.975181
117.500000 0.978269
118.000000 0.973454
118.500000 0.973333
119.000000 0.971291
119.500000 0.968401
120.000000 0.972363
120.500000 0.969505
121.000000 0.970613
121.500000 0.966434
122.000000 0.965533
122.500000 0.962897
123.000000 0.959147
123.500000 0.957566
124.000000 0.964086
124.500000 0.961710
