0.000000 nan
0.500000 0.000000
1.000000 0.000000
1.500000 0.048515
2.000000 0.000000
2.500000 0.174656
3.000000 0.606443
3.500000 1.381205
4.000000 2.688059
4.500000 4.129204
5.000000 6.824669
5.500000 9.331807
6.000000 11.264682
6.500000 11.926189
7.000000 12.597928
7.500000 12.014367
8.000000 11.502711
8.500000 10.165079
9.000000 9.267799
9.500000 8.371133
10.000000 7.640092
10.500000 6.743648
11.000000 6.350212
11.500000 5.831484
12.000000 5.386731
12.500000 4.984672
13.000000 4.849536
13.500000 4.387354
14.000000 4.153641
14.500000 3.902235
15.000000 3.614886
15.500000 3.318184
16.000000 3.105084
16.500000 2.853190
17.000000 2.656851
17.500000 2.425218
18.000000 2.340197
18.500000 2.132483
19.000000 2.066778
19.500000 1.927126
20.000000 1.767842
20.500000 1.666553
21.000000 1.555712
21.500000 1.450662
22.000000 1.387276
22.500000 1.352395
23.000000 1.279790
23.500000 1.199028
24.000000 1.106569
24.500000 1.076231
25.000000 1.039201
25.500000 0.985921
26.000000 0.940938
26.500000 0.904056
27.000000 0.867888
27.500000 0.831707
28.000000 0.797535
28.500000 0.774500
29.000000 0.768532
29.500000 0.732038
30.000000 0.689768
30.500000 0.680833
31.000000 0.672451
31.500000 0.647753
32.000000 0.645897
32.500000 0.621113
33.000000 0.612157
33.500000 0.595090
34.000000 0.580454
34.500000 0.565035
35.000000 0.563175
35.500000 0.555738
36.000000 0.532070
36.500000 0.540534
37.000000 0.539340
37.500000 0.530953
38.000000 0.519643
38.500000 0.534145
39.000000 0.515082
39.500000 0.517306
40.000000 0.510254
40.500000 0.520094
41.000000 0.524305
41.500000 0.529430
42.000000 0.513930
42.500000 0.523423
43.000000 0.521003
43.500000 0.530901
44.000000 0.532379
44.500000 0.542643
45.000000 0.544829
45.500000 0.553115
46.000000 0.559521
46.500000 0.568555
47.000000 0.580686
47.500000 0.599151
48.000000 0.596636
48.500000 0.609643
49.000000 0.623497
49.500000 0.636448
50.000000 0.657753
50.500000 0.653953
51.000000 0.669648
51.500000 0.688522
52.000000 0.706188
52.500000 0.724643
53.000000 0.732408
53.500000 0.749369
54.000000 0.754947
54.500000 0.787611
55.000000 0.800673
55.500000 0.795278
56.000000 0.829698
56.500000 0.847905
57.000000 0.863434
57.500000 0.882093
58.000000 0.891872
58.500000 0.912448
59.000000 0.910595
59.500000 0.929735
60.000000 0.954511
60.500000 0.962181
61.000000 0.980179
61.500000 0.995822
62.000000 0.998227
62.500000 1.017278
63.000000 1.028643
63.500000 1.033976
64.000000 1.046772
64.500000 1.052751
65.000000 1.063565
65.500000 1.071357
66.000000 1.080296
66.500000 1.081539
67.000000 1.090041
67.500000 1.084518
68.000000 1.094265
68.500000 1.094843
69.000000 1.105377
69.500000 1.106999
70.000000 1.102113
70.500000 1.109969
71.000000 1.105413
71.500000 1.105359
72.000000 1.108296
72.500000 1.114120
73.000000 1.098951
73.500000 1.096821
74.000000 1.095704
74.500000 1.096682
75.000000 1.092316
75.500000 1.084120
76.000000 1.088347
76.500000 1.084277
77.000000 1.083552
77.500000 1.074123
78.000000 1.067932
78.500000 1.065159
79.000000 1.062056
79.500000 1.055181
80.000000 1.052437
80.500000 1.055962
81.000000 1.042467
81.500000 1.034579
82.000000 1.036466
82.500000 1.030356
83.000000 1.026853
83.500000 1.024894
84.000000 1.013565
84.500000 1.023895
85.000000 1.015949
85.500000 1.009298
86.000000 1.005905
86.500000 1.009920
87.000000 0.993254
87.500000 0.996008
88.000000 0.997718
88.500000 0.992093
89.000000 0.986269
89.500000 0.981045
90.000000 0.986009
90.500000 0.984394
91.000000 0.973632
91.500000 0.979253
92.000000 0.981148
92.500000 0.976426
93.000000 0.974600
93.500000 0.972408
94.000000 0.972542
94.500000 0.969515
95.000000 0.968347
95.500000 0.962375
96.000000 0.968615
96.500000 0.967759
97.000000 0.964467
97.500000 0.963764
98.000000 0.962195
98.500000 0.962127
99.000000 0.965854
99.500000 0.964562
100.000000 0.959591
100.500000 0.965824
101.000000 0.962534
101.500000 0.954664
102.000000 0.966091
102.500000 0.963100
103.000000 0.959040
103.500000 0.964531
104.000000 0.959326
104.500000 0.960284
105.000000 0.963467
105.500000 0.965576
106.000000 0.967185
106.500000 0.966017
107.000000 0.964990
107.500000 0.965253
108.000000 0.970281
108.500000 0.966004
109.000000 0.968197
109.500000 0.967887
110.000000 0.967679
110.500000 0.972673
111.000000 0.965215
111.500000 0.964094
112.000000 0.973544
112.500000 0.969334
113.000000 0.966127
113.500000 0.968132
114.000000 0.973047
114.500000 0.966682
115.000000 0.968068
115.500000 0.966128
116.000000 0.966002
116.500000 0.967460
117.000000 0.967845
117.500000 0.960337
118.000000 0.971705
118.500000 0.959387
119.000000 0.964007
119.500000 0.965153
120.000000 0.964510
120.500000 0.958920
121.000000 0.961674
121.500000 0.964408
122.000000 0.963487
122.500000 0.961130
123.000000 0.957596
123.500000 0.960371
124.000000 0.958257
124.500000 0.953604
