0.000000 -nan
0.500000 0.000000
1.000000 0.000000
1.500000 0.002166
2.000000 0.008530
2.500000 0.014037
3.000000 0.034660
3.500000 0.076792
4.000000 0.179124
4.500000 0.362730
5.000000 0.708891
5.500000 1.209424
6.000000 1.889936
6.500000 2.620022
7.000000 3.331007
7.500000 3.769832
8.000000 4.070644
8.500000 4.136079
9.000000 4.096600
9.500000 3.945896
10.000000 3.730352
10.500000 3.512941
11.000000 3.343882
11.500000 3.175267
12.000000 3.030851
12.500000 2.930643
13.000000 2.839155
13.500000 2.748758
14.000000 2.652934
14.500000 2.569983
15.000000 2.499011
15.500000 2.407963
16.000000 2.339821
16.500000 2.250273
17.000000 2.139684
17.500000 2.066909
18.000000 1.986170
18.500000 1.910210
19.000000 1.827751
19.500000 1.749860
20.000000 1.674964
20.500000 1.605841
21.000000 1.549304
21.500000 1.492516
22.000000 1.427571
22.500000 1.378798
23.000000 1.331812
23.500000 1.280675
24.000000 1.236814
24.500000 1.192888
25.000000 1.155718
25.500000 1.118591
26.000000 1.088628
26.500000 1.051406
27.000000 1.024245
27.500000 0.997870
28.000000 0.964116
28.500000 0.945526
29.000000 0.916698
29.500000 0.895918
30.000000 0.876067
30.500000 0.856633
31.000000 0.835735
31.500000 0.823036
32.000000 0.810249
32.500000 0.791371
33.000000 0.781706
33.500000 0.772631
34.000000 0.760112
34.500000 0.750161
35.000000 0.744243
35.500000 0.737512
36.000000 0.731677
36.500000 0.725023
37.000000 0.721379
37.500000 0.714838
38.000000 0.709143
38.500000 0.706288
39.000000 0.704317
39.500000 0.701266
40.000000 0.703660
40.500000 0.700297
41.000000 0.699378
41.500000 0.700049
42.000000 0.699833
42.500000 0.701594
43.000000 0.704474
43.500000 0.706261
44.000000 0.710371
44.500000 0.713930
45.000000 0.720338
45.500000 0.723593
46.000000 0.727682
46.500000 0.735096
47.000000 0.741553
47.500000 0.750212
48.000000 0.757281
48.500000 0.764317
49.000000 0.770589
49.500000 0.781740
50.000000 0.790721
50.500000 0.796527
51.000000 0.806093
51.500000 0.819711
52.000000 0.826899
52.500000 0.835406
53.000000 0.845626
53.500000 0.856078
54.000000 0.866132
54.500000 0.877675
55.000000 0.890153
55.500000 0.901571
56.000000 0.910623
56.500000 0.921663
57.000000 0.928174
57.500000 0.939578
58.000000 0.950299
58.500000 0.957516
59.000000 0.970372
59.500000 0.978283
60.000000 0.988257
60.500000 0.997154
61.000000 1.004177
61.500000 1.014675
62.000000 1.022813
62.500000 1.030932
63.000000 1.037153
63.500000 1.045200
64.000000 1.049977
64.500000 1.059375
65.000000 1.064544
65.500000 1.070616
66.000000 1.076777
66.500000 1.080625
67.000000 1.084313
67.500000 1.090985
68.000000 1.096402
68.500000 1.101472
69.000000 1.102665
69.500000 1.103948
70.000000 1.108659
70.500000 1.107282
71.000000 1.113672
71.500000 1.113496
72.000000 1.112877
72.500000 1.113466
73.000000 1.115485
73.500000 1.115036
74.000000 1.113963
74.500000 1.112918
75.000000 1.111561
75.500000 1.111148
76.000000 1.107875
76.500000 1.107670
77.000000 1.107323
77.500000 1.103534
78.000000 1.102300
78.500000 1.099778
79.000000 1.097657
79.500000 1.095000
80.000000 1.092673
80.500000 1.089614
81.000000 1.084569
81.500000 1.081690
82.000000 1.076809
82.500000 1.074171
83.000000 1.069937
83.500000 1.066025
84.000000 1.061892
84.500000 1.058237
85.000000 1.054729
85.500000 1.050676
86.000000 1.047474
86.500000 1.045520
87.000000 1.039580
87.500000 1.034641
88.000000 1.032968
88.500000 1.028302
89.000000 1.025034
89.500000 1.022477
90.000000 1.018615
90.500000 1.016232
91.000000 1.012300
91.500000 1.009420
92.000000 1.006545
92.500000 1.003923
93.000000 1.000106
93.500000 0.999843
94.000000 0.996123
94.500000 0.993991
95.000000 0.993390
95.500000 0.990102
96.000000 0.988266
96.500000 0.985968
97.000000 0.982775
97.500000 0.982169
98.000000 0.979939
98.500000 0.978967
99.000000 0.977277
99.500000 0.975782
100.000000 0.973688
100.500000 0.974125
101.000000 0.972685
101.500000 0.971576
102.000000 0.970929
102.500000 0.970708
103.000000 0.971030
103.500000 0.969558
104.000000 0.968774
104.500000 0.970020
105.000000 0.968024
105.500000 0.967186
106.000000 0.966881
106.500000 0.967775
107.000000 0.967978
107.500000 0.967036
108.000000 0.967240
108.500000 0.967536
109.000000 0.967926
109.500000 0.967892
110.000000 0.968589
110.500000 0.969239
111.000000 0.969131
111.500000 0.970936
112.000000 0.970230
112.500000 0.969558
113.000000 0.971063
113.500000 0.973008
114.000000 0.973260
114.500000 0.973452
115.000000 0.972902
115.500000 0.975595
116.000000 0.976439
116.500000 0.977141
117.000000 0.977079
117.500000 0.978776
118.000000 0.980157
118.500000 0.979840
119.000000 0.981065
119.500000 0.982097
120.000000 0.983776
120.500000 0.984851
121.000000 0.985500
121.500000 0.986570
122.000000 0.988447
122.500000 0.989597
123.000000 0.990530
123.500000 0.990606
124.000000 0.993110
124.500000 0.994313
