0.000000 nan
0.500000 0.000000
1.000000 0.000000
1.500000 0.000000
2.000000 0.000000
2.500000 0.011178
3.000000 0.015525
3.500000 0.062733
4.000000 0.144091
4.500000 0.379499
5.000000 0.693034
5.500000 1.097011
6.000000 1.917331
6.500000 2.782915
7.000000 3.353388
7.500000 3.983080
8.000000 4.405688
8.500000 4.408332
9.000000 4.328872
9.500000 4.159223
10.000000 4.028956
10.500000 3.812800
11.000000 3.484452
11.500000 3.406742
12.000000 3.298566
12.500000 3.104790
13.000000 3.037975
13.500000 2.883423
14.000000 2.852233
14.500000 2.822069
15.000000 2.697614
15.500000 2.590937
16.000000 2.501942
16.500000 2.389815
17.000000 2.345341
17.500000 2.276654
18.000000 2.152577
18.500000 2.047592
19.000000 1.982075
19.500000 1.884122
20.000000 1.838600
20.500000 1.743522
21.000000 1.696496
21.500000 1.610497
22.000000 1.552126
22.500000 1.506679
23.000000 1.465655
23.500000 1.377384
24.000000 1.341088
24.500000 1.305996
25.000000 1.241312
25.500000 1.198375
26.000000 1.172053
26.500000 1.131724
27.000000 1.088950
27.500000 1.064400
28.000000 1.032607
28.500000 0.993682
29.000000 0.969681
29.500000 0.944957
30.000000 0.916670
30.500000 0.897226
31.000000 0.867789
31.500000 0.857850
32.000000 0.828250
32.500000 0.827367
33.000000 0.800176
33.500000 0.791471
34.000000 0.757244
34.500000 0.764097
35.000000 0.749208
35.500000 0.720824
36.000000 0.710536
36.500000 0.709556
37.000000 0.701276
37.500000 0.697207
38.000000 0.673900
38.500000 0.674938
39.000000 0.661831
39.500000 0.659734
40.000000 0.650767
40.500000 0.643401
41.000000 0.646382
41.500000 0.633577
42.000000 0.633632
42.500000 0.633701
43.000000 0.634843
43.500000 0.631225
44.000000 0.636086
44.500000 0.629916
45.000000 0.640318
45.500000 0.639314
46.000000 0.637146
46.500000 0.639576
47.000000 0.636667
47.500000 0.646835
48.000000 0.650562
48.500000 0.654830
49.000000 0.667227
49.500000 0.672291
50.000000 0.682079
50.500000 0.690528
51.000000 0.692794
51.500000 0.689443
52.000000 0.711024
52.500000 0.712170
53.000000 0.728716
53.500000 0.736882
54.000000 0.745125
54.500000 0.762258
55.000000 0.771418
55.500000 0.783823
56.000000 0.791275
56.500000 0.804031
57.000000 0.811791
57.500000 0.829557
58.000000 0.839032
58.500000 0.858863
59.000000 0.870860
59.500000 0.878880
60.000000 0.882186
60.500000 0.901524
61.000000 0.919906
61.500000 0.926787
62.000000 0.935525
62.500000 0.960160
63.000000 0.968302
63.500000 0.976140
64.000000 0.983052
64.500000 1.001607
65.000000 1.005157
65.500000 1.026052
66.000000 1.036691
66.500000 1.033988
67.000000 1.042922
67.500000 1.054117
68.000000 1.054990
68.500000 1.065596
69.000000 1.080745
69.500000 1.083358
70.000000 1.091177
70.500000 1.099734
71.000000 1.094361
71.500000 1.098404
72.000000 1.108834
72.500000 1.102538
73.000000 1.117508
73.500000 1.108963
74.000000 1.112718
74.500000 1.116990
75.000000 1.122727
75.500000 1.114499
76.000000 1.121243
76.500000 1.115791
77.000000 1.121284
77.500000 1.121099
78.000000 1.113444
78.500000 1.112751
79.000000 1.108035
79.500000 1.115276
80.000000 1.111683
80.500000 1.105409
81.000000 1.097671
81.500000 1.096582
82.000000 1.089868
82.500000 1.090092
83.000000 1.084685
83.500000 1.082145
84.000000 1.078192
84.500000 1.068160
85.000000 1.066093
85.500000 1.062615
86.000000 1.056312
86.500000 1.053165
87.000000 1.049244
87.500000 1.042644
88.000000 1.032462
88.500000 1.028393
89.000000 1.026546
89.500000 1.016809
90.000000 1.013115
90.500000 1.007393
91.000000 1.012509
91.500000 0.999371
92.000000 0.997138
92.500000 0.995810
93.000000 0.986803
93.500000 0.982615
94.000000 0.979558
94.500000 0.975525
95.000000 0.977398
95.500000 0.969963
96.000000 0.966579
96.500000 0.956521
97.000000 0.954876
97.500000 0.952037
98.000000 0.947760
98.500000 0.948675
99.000000 0.943301
99.500000 0.943977
100.000000 0.937048
100.500000 0.941616
101.000000 0.933638
101.500000 0.931759
102.000000 0.926024
102.500000 0.928828
103.000000 0.931244
103.500000 0.925373
104.000000 0.922981
104.500000 0.924144
105.000000 0.924178
105.500000 0.919857
106.000000 0.919128
106.500000 0.914995
107.000000 0.916874
107.500000 0.917983
108.000000 0.921344
108.500000 0.917851
109.000000 0.914478
109.500000 0.912420
110.000000 0.915351
110.500000 0.916865
111.000000 0.914588
111.500000 0.920582
112.000000 0.916936
112.500000 0.918144
113.000000 0.918933
113.500000 0.918859
114.000000 0.918493
114.500000 0.919148
115.000000 0.923133
115.500000 0.925453
116.000000 0.924714
116.500000 0.927290
117.000000 0.929843
117.500000 0.930098
118.000000 0.928826
118.500000 0.935153
119.000000 0.935121
119.500000 0.938515
120.000000 0.936984
120.500000 0.938337
121.000000 0.942861
121.500000 0.941293
122.000000 0.944811
122.500000 0.947599
123.000000 0.953644
123.500000 0.951649
124.000000 0.951728
124.500000 0.954947
